# DO NOT TOUCH THIS FILE
#Pile Up information for data and mc is stored seperately.
#PU-> PileUp

#Data 2012 Full
PU_data_up     = 6.5692e-07 3.05973e-06 0.00012915 7.06273e-05 4.35618e-05 0.00013409 0.000692855 0.00219894 0.00495689 0.00990078 0.0176141 0.0281821 0.0386977 0.0457648 0.049916 0.0528796 0.0550452 0.0561074 0.0562773 0.0560143 0.055303 0.0541057 0.0526093 0.050947 0.0489369 0.0462142 0.042523 0.0379144 0.0326914 0.0272255 0.0218646 0.0169154 0.0126066 0.00904887 0.00624433 0.00412891 0.00260678 0.00156783 0.00089825 0.00049152 0.000258281 0.000131429 6.55262e-05 3.25023e-05 1.63367e-05 8.4779e-06 4.60714e-06 2.63513e-06 1.57938e-06 9.82081e-07 6.26764e-07 4.06974e-07 2.67217e-07 1.76681e-07 1.17306e-07 7.81098e-08 5.23248e-08 3.59285e-08 2.69361e-08 2.5137e-08 3.19692e-08 5.01429e-08 8.25937e-08 1.30601e-07 1.9153e-07 2.57381e-07 3.15583e-07 3.52652e-07 3.59041e-07 3.32711e-07 2.80844e-07 2.15777e-07 1.50903e-07 9.60779e-08 5.57005e-08 2.94072e-08 1.41394e-08 6.19148e-09 2.46912e-09 8.96738e-10 2.96589e-10 8.93332e-11 2.45057e-11 6.12362e-12 1.39473e-12 2.89999e-13 5.52872e-14 9.78567e-15 1.66604e-15 2.98459e-16 6.55923e-17 1.92963e-17 6.93809e-18 2.68841e-18 1.05431e-18 4.10173e-19 1.57153e-19 5.94338e-20 2.20983e-20 8.07489e-21 
PU_data     = 6.97976e-07 7.2757e-06 0.000140606 6.43149e-05 5.14701e-05 0.000228217 0.00112908 0.00320832 0.00707903 0.013876 0.0240399 0.0362519 0.045717 0.0511924 0.0547395 0.0573728 0.0587973 0.0590972 0.058848 0.0580911 0.0567731 0.0551146 0.0532561 0.0509447 0.0477407 0.0434003 0.0380774 0.0321828 0.0261622 0.0204207 0.015295 0.0109938 0.00757466 0.00498643 0.00312331 0.00185541 0.00104455 0.000558621 0.000285442 0.000140664 6.77463e-05 3.24573e-05 1.58023e-05 7.98679e-06 4.25401e-06 2.39646e-06 1.41771e-06 8.69995e-07 5.47297e-07 3.49816e-07 2.25819e-07 1.46641e-07 9.55598e-08 6.2548e-08 4.16653e-08 2.98004e-08 2.61701e-08 3.21355e-08 5.07964e-08 8.57431e-08 1.38648e-07 2.06275e-07 2.78589e-07 3.40029e-07 3.74716e-07 3.72463e-07 3.33947e-07 2.70063e-07 1.96893e-07 1.29429e-07 7.673e-08 4.10303e-08 1.9792e-08 8.61255e-09 3.38089e-09 1.19723e-09 3.82435e-10 1.10198e-10 2.86448e-11 6.7185e-12 1.42275e-12 2.72529e-13 4.74724e-14 7.64182e-15 1.19233e-15 2.03315e-16 4.52294e-17 1.36602e-17 4.86779e-18 1.81691e-18 6.7805e-19 2.49495e-19 9.03861e-20 3.21111e-20 1.12323e-20 3.81273e-21 1.35354e-21 4.28863e-22 1.57942e-22 2.26735e-23 
PU_data_down     = 7.44426e-07 1.47252e-05 0.000145819 6.08794e-05 6.94128e-05 0.000405772 0.00179285 0.00469837 0.0102537 0.0195021 0.0324618 0.0447307 0.052249 0.056641 0.0598286 0.0617155 0.0622058 0.0619806 0.0611747 0.059717 0.0578687 0.0557736 0.0530832 0.0492746 0.0441482 0.0380002 0.0313663 0.0247777 0.0187027 0.0134876 0.00928886 0.00609233 0.00378765 0.00222257 0.00122878 0.000641319 0.000317907 0.00015124 7.01111e-05 3.23294e-05 1.52026e-05 7.47034e-06 3.89652e-06 2.16036e-06 1.25989e-06 7.61649e-07 4.7128e-07 2.95835e-07 1.87306e-07 1.19172e-07 7.6111e-08 4.91938e-08 3.3589e-08 2.76064e-08 3.23782e-08 5.14174e-08 8.91323e-08 1.47723e-07 2.23168e-07 3.02742e-07 3.67046e-07 3.97423e-07 3.83723e-07 3.30631e-07 2.54055e-07 1.74053e-07 1.06344e-07 5.79584e-08 2.81811e-08 1.22255e-08 4.73196e-09 1.63408e-09 5.03441e-10 1.38376e-10 3.39337e-11 7.42602e-12 1.45125e-12 2.53815e-13 3.99904e-14 5.79737e-15 8.25551e-16 1.35509e-16 3.09421e-17 9.51054e-18 3.30575e-18 1.17479e-18 4.13415e-19 1.42932e-19 4.84808e-20 1.6125e-20 5.25557e-21 1.66952e-21 5.64216e-22 1.80616e-22 2.26735e-23 0 0 0 0 0 



################
# MC
################

################
# TTJets
################
PU_TTJetsPOWHEG_DR53-v1_mc     = 2.78003e-06 3.70671e-06 1.23557e-05 5.09672e-05 0.000103633 0.000275377 0.00197027 0.00606525 0.0103715 0.0138127 0.0168277 0.0205169 0.0258011 0.032589 0.0412008 0.0498044 0.0555536 0.057335 0.0559717 0.0531247 0.0501815 0.0475348 0.0456319 0.0435482 0.0415709 0.0393385 0.0369202 0.0339425 0.0311811 0.028114 0.0251603 0.0222989 0.0193853 0.0168728 0.0143735 0.0121444 0.0102345 0.00840156 0.00684412 0.00556716 0.00447554 0.00352214 0.00276428 0.00214711 0.00167759 0.0012748 0.000941812 0.000706127 0.000517394 0.000387968 0.00029005 0.000211591 0.000138847 0.000100081 7.69141e-05 4.83416e-05 3.35148e-05 2.39391e-05 1.69891e-05 5.40561e-06 0 0 0 0 0 0 0 0 0 0 0 0 0 0 0 0 0 0 0 0 0 0 0 0 0 0 0 0 0 0 0 0 0 0 0 0 0 0 0 0 
PU_TTJetsPOWHEG_DR53-v2_mc     = 2.53737e-06 4.6134e-06 1.47168e-05 4.88098e-05 0.000100203 0.000268638 0.00200337 0.00605412 0.0104885 0.0138384 0.0168393 0.0205996 0.0257158 0.0326205 0.0411869 0.0497746 0.0553396 0.0572304 0.0560499 0.0531925 0.050119 0.0477198 0.0456418 0.0436625 0.0415998 0.0392605 0.0368205 0.0340052 0.031105 0.0282197 0.0251804 0.022227 0.0194282 0.0167979 0.0143376 0.0121571 0.0101466 0.0083945 0.0068641 0.0055747 0.00446836 0.00353913 0.00276827 0.0021612 0.00164648 0.00127108 0.000957973 0.000709911 0.000532571 0.00038079 0.000282617 0.000203313 0.000144722 0.000101726 7.07235e-05 5.00554e-05 3.3032e-05 2.38974e-05 1.46245e-05 4.52114e-06 0 0 0 0 0 0 0 0 0 0 0 0 0 0 0 0 0 0 0 0 0 0 0 0 0 0 0 0 0 0 0 0 0 0 0 0 0 0 0 0 
PU_TTJetsPOWHEG_FullyHadv1_mc  = 2.78003e-06 3.70671e-06 1.23557e-05 5.09672e-05 0.000103633 0.000275377 0.00197027 0.00606525 0.0103715 0.0138127 0.0168277 0.0205169 0.0258011 0.032589 0.0412008 0.0498044 0.0555536 0.057335 0.0559717 0.0531247 0.0501815 0.0475348 0.0456319 0.0435482 0.0415709 0.0393385 0.0369202 0.0339425 0.0311811 0.028114 0.0251603 0.0222989 0.0193853 0.0168728 0.0143735 0.0121444 0.0102345 0.00840156 0.00684412 0.00556716 0.00447554 0.00352214 0.00276428 0.00214711 0.00167759 0.0012748 0.000941812 0.000706127 0.000517394 0.000387968 0.00029005 0.000211591 0.000138847 0.000100081 7.69141e-05 4.83416e-05 3.35148e-05 2.39391e-05 1.69891e-05 5.40561e-06 0 0 0 0 0 0 0 0 0 0 0 0 0 0 0 0 0 0 0 0 0 0 0 0 0 0 0 0 0 0 0 0 0 0 0 0 0 0 0 0 
PU_TTJetsPOWHEG_SemiLeptv1_mc  = 2.78003e-06 3.70671e-06 1.23557e-05 5.09672e-05 0.000103633 0.000275377 0.00197027 0.00606525 0.0103715 0.0138127 0.0168277 0.0205169 0.0258011 0.032589 0.0412008 0.0498044 0.0555536 0.057335 0.0559717 0.0531247 0.0501815 0.0475348 0.0456319 0.0435482 0.0415709 0.0393385 0.0369202 0.0339425 0.0311811 0.028114 0.0251603 0.0222989 0.0193853 0.0168728 0.0143735 0.0121444 0.0102345 0.00840156 0.00684412 0.00556716 0.00447554 0.00352214 0.00276428 0.00214711 0.00167759 0.0012748 0.000941812 0.000706127 0.000517394 0.000387968 0.00029005 0.000211591 0.000138847 0.000100081 7.69141e-05 4.83416e-05 3.35148e-05 2.39391e-05 1.69891e-05 5.40561e-06 0 0 0 0 0 0 0 0 0 0 0 0 0 0 0 0 0 0 0 0 0 0 0 0 0 0 0 0 0 0 0 0 0 0 0 0 0 0 0 0 
PU_TTJetsPOWHEG_DiLeptv1_mc    = 2.78003e-06 3.70671e-06 1.23557e-05 5.09672e-05 0.000103633 0.000275377 0.00197027 0.00606525 0.0103715 0.0138127 0.0168277 0.0205169 0.0258011 0.032589 0.0412008 0.0498044 0.0555536 0.057335 0.0559717 0.0531247 0.0501815 0.0475348 0.0456319 0.0435482 0.0415709 0.0393385 0.0369202 0.0339425 0.0311811 0.028114 0.0251603 0.0222989 0.0193853 0.0168728 0.0143735 0.0121444 0.0102345 0.00840156 0.00684412 0.00556716 0.00447554 0.00352214 0.00276428 0.00214711 0.00167759 0.0012748 0.000941812 0.000706127 0.000517394 0.000387968 0.00029005 0.000211591 0.000138847 0.000100081 7.69141e-05 4.83416e-05 3.35148e-05 2.39391e-05 1.69891e-05 5.40561e-06 0 0 0 0 0 0 0 0 0 0 0 0 0 0 0 0 0 0 0 0 0 0 0 0 0 0 0 0 0 0 0 0 0 0 0 0 0 0 0 0 
PU_TTJetsPOWHEG_FullyHadv2_mc  = 2.53737e-06 4.6134e-06 1.47168e-05 4.88098e-05 0.000100203 0.000268638 0.00200337 0.00605412 0.0104885 0.0138384 0.0168393 0.0205996 0.0257158 0.0326205 0.0411869 0.0497746 0.0553396 0.0572304 0.0560499 0.0531925 0.050119 0.0477198 0.0456418 0.0436625 0.0415998 0.0392605 0.0368205 0.0340052 0.031105 0.0282197 0.0251804 0.022227 0.0194282 0.0167979 0.0143376 0.0121571 0.0101466 0.0083945 0.0068641 0.0055747 0.00446836 0.00353913 0.00276827 0.0021612 0.00164648 0.00127108 0.000957973 0.000709911 0.000532571 0.00038079 0.000282617 0.000203313 0.000144722 0.000101726 7.07235e-05 5.00554e-05 3.3032e-05 2.38974e-05 1.46245e-05 4.52114e-06 0 0 0 0 0 0 0 0 0 0 0 0 0 0 0 0 0 0 0 0 0 0 0 0 0 0 0 0 0 0 0 0 0 0 0 0 0 0 0 0 
PU_TTJetsPOWHEG_SemiLeptv2_mc  = 2.53737e-06 4.6134e-06 1.47168e-05 4.88098e-05 0.000100203 0.000268638 0.00200337 0.00605412 0.0104885 0.0138384 0.0168393 0.0205996 0.0257158 0.0326205 0.0411869 0.0497746 0.0553396 0.0572304 0.0560499 0.0531925 0.050119 0.0477198 0.0456418 0.0436625 0.0415998 0.0392605 0.0368205 0.0340052 0.031105 0.0282197 0.0251804 0.022227 0.0194282 0.0167979 0.0143376 0.0121571 0.0101466 0.0083945 0.0068641 0.0055747 0.00446836 0.00353913 0.00276827 0.0021612 0.00164648 0.00127108 0.000957973 0.000709911 0.000532571 0.00038079 0.000282617 0.000203313 0.000144722 0.000101726 7.07235e-05 5.00554e-05 3.3032e-05 2.38974e-05 1.46245e-05 4.52114e-06 0 0 0 0 0 0 0 0 0 0 0 0 0 0 0 0 0 0 0 0 0 0 0 0 0 0 0 0 0 0 0 0 0 0 0 0 0 0 0 0 
PU_TTJetsPOWHEG_DiLeptv2_mc    = 2.53737e-06 4.6134e-06 1.47168e-05 4.88098e-05 0.000100203 0.000268638 0.00200337 0.00605412 0.0104885 0.0138384 0.0168393 0.0205996 0.0257158 0.0326205 0.0411869 0.0497746 0.0553396 0.0572304 0.0560499 0.0531925 0.050119 0.0477198 0.0456418 0.0436625 0.0415998 0.0392605 0.0368205 0.0340052 0.031105 0.0282197 0.0251804 0.022227 0.0194282 0.0167979 0.0143376 0.0121571 0.0101466 0.0083945 0.0068641 0.0055747 0.00446836 0.00353913 0.00276827 0.0021612 0.00164648 0.00127108 0.000957973 0.000709911 0.000532571 0.00038079 0.000282617 0.000203313 0.000144722 0.000101726 7.07235e-05 5.00554e-05 3.3032e-05 2.38974e-05 1.46245e-05 4.52114e-06 0 0 0 0 0 0 0 0 0 0 0 0 0 0 0 0 0 0 0 0 0 0 0 0 0 0 0 0 0 0 0 0 0 0 0 0 0 0 0 0 
PU_TTJetsMG_FullyHad_mc     = 2.59417e-06 5.22037e-06 1.35473e-05 5.26201e-05 0.000101589 0.000270851 0.00199383 0.00609583 0.0104606 0.0138382 0.016862 0.0205847 0.0256903 0.0326205 0.0412102 0.049724 0.0553727 0.0572517 0.0560975 0.0531031 0.0500174 0.0475666 0.0455866 0.0435535 0.0415516 0.0393514 0.0367876 0.0340452 0.0311753 0.0282414 0.0252478 0.0222928 0.0194513 0.0168565 0.0143794 0.012167 0.0101758 0.00838754 0.0068777 0.00557654 0.00447316 0.00354633 0.00276081 0.00215118 0.00164442 0.00127022 0.000947354 0.000717817 0.000526937 0.000387429 0.000279594 0.000204748 0.00014742 0.000100116 7.22525e-05 5.10828e-05 3.48132e-05 2.42123e-05 1.51807e-05 4.4197e-06 0 0 0 0 0 0 0 0 0 0 0 0 0 0 0 0 0 0 0 0 0 0 0 0 0 0 0 0 0 0 0 0 0 0 0 0 0 0 0 0 
PU_TTJetsMG_SemiLept_mc     = 2.44144e-06 5.47356e-06 1.42943e-05 4.99708e-05 0.000100139 0.000273087 0.00200068 0.00607545 0.0104477 0.0138353 0.0168533 0.0205505 0.0257498 0.0326626 0.0411936 0.0497733 0.0554724 0.0572905 0.0560584 0.053123 0.0501331 0.0476072 0.0455521 0.0436471 0.04152 0.0392999 0.0368394 0.0340618 0.0312265 0.0281101 0.0252085 0.0221882 0.0194415 0.0168432 0.0143524 0.0121193 0.0101845 0.00839754 0.00688629 0.00556476 0.00445363 0.00354289 0.00277454 0.00214508 0.00164652 0.00125258 0.000949958 0.00069841 0.000514003 0.000382795 0.000276474 0.000198663 0.000148337 0.000101596 7.34796e-05 4.81988e-05 3.39439e-05 2.40994e-05 1.51606e-05 4.1347e-06 0 0 0 0 0 0 0 0 0 0 0 0 0 0 0 0 0 0 0 0 0 0 0 0 0 0 0 0 0 0 0 0 0 0 0 0 0 0 0 0 
PU_TTJetsMG_DiLept_mc     = 1.98036e-06 4.37329e-06 1.34499e-05 4.99216e-05 0.000104794 0.000267761 0.0020085 0.00615496 0.010407 0.0138431 0.016875 0.0205208 0.0256999 0.0325816 0.0411741 0.0498831 0.0554328 0.0572238 0.0559625 0.0531604 0.0501666 0.0475747 0.0455718 0.0436011 0.0416401 0.039196 0.0368011 0.0340408 0.0313003 0.0281813 0.025179 0.0222584 0.0195158 0.0168949 0.0143621 0.0121026 0.0101326 0.00837651 0.00687407 0.0055224 0.00446224 0.00351935 0.0027758 0.00217188 0.00165616 0.0012567 0.000937783 0.000710866 0.000526776 0.000382787 0.000288637 0.000206617 0.000142998 0.000103969 6.66721e-05 5.03341e-05 3.53164e-05 2.14539e-05 1.60079e-05 5.5285e-06 0 0 0 0 0 0 0 0 0 0 0 0 0 0 0 0 0 0 0 0 0 0 0 0 0 0 0 0 0 0 0 0 0 0 0 0 0 0 0 0 
PU_TTJetsMCatNLO_NoSub_mc     = 2.64819e-06 5.41814e-06 1.35454e-05 4.992e-05 0.000100327 0.000272064 0.0019996 0.00607325 0.0104609 0.013808 0.0168334 0.0205494 0.025759 0.0326585 0.0412674 0.0497546 0.0553914 0.0572262 0.056047 0.053124 0.0501094 0.0476253 0.0456313 0.0436375 0.0415835 0.0393105 0.0367525 0.0339976 0.0311657 0.0282023 0.0251326 0.0223074 0.0194649 0.016829 0.0143373 0.0121545 0.0101826 0.00837401 0.00688074 0.0055616 0.00445612 0.0035462 0.00278578 0.00215709 0.0016536 0.00126441 0.000946683 0.000714982 0.000525316 0.000388797 0.000275199 0.000202419 0.00014696 9.91398e-05 7.08011e-05 5.28421e-05 3.38177e-05 2.28293e-05 1.55848e-05 4.8398e-06 0 0 0 0 0 0 0 0 0 0 0 0 0 0 0 0 0 0 0 0 0 0 0 0 0 0 0 0 0 0 0 0 0 0 0 0 0 0 0 0 
PU_TTJetsMCatNLO_FullyHad_mc  = 2.64819e-06 5.41814e-06 1.35454e-05 4.992e-05 0.000100327 0.000272064 0.0019996 0.00607325 0.0104609 0.013808 0.0168334 0.0205494 0.025759 0.0326585 0.0412674 0.0497546 0.0553914 0.0572262 0.056047 0.053124 0.0501094 0.0476253 0.0456313 0.0436375 0.0415835 0.0393105 0.0367525 0.0339976 0.0311657 0.0282023 0.0251326 0.0223074 0.0194649 0.016829 0.0143373 0.0121545 0.0101826 0.00837401 0.00688074 0.0055616 0.00445612 0.0035462 0.00278578 0.00215709 0.0016536 0.00126441 0.000946683 0.000714982 0.000525316 0.000388797 0.000275199 0.000202419 0.00014696 9.91398e-05 7.08011e-05 5.28421e-05 3.38177e-05 2.28293e-05 1.55848e-05 4.8398e-06 0 0 0 0 0 0 0 0 0 0 0 0 0 0 0 0 0 0 0 0 0 0 0 0 0 0 0 0 0 0 0 0 0 0 0 0 0 0 0 0 
PU_TTJetsMCatNLO_SemiLept_mc  = 2.64819e-06 5.41814e-06 1.35454e-05 4.992e-05 0.000100327 0.000272064 0.0019996 0.00607325 0.0104609 0.013808 0.0168334 0.0205494 0.025759 0.0326585 0.0412674 0.0497546 0.0553914 0.0572262 0.056047 0.053124 0.0501094 0.0476253 0.0456313 0.0436375 0.0415835 0.0393105 0.0367525 0.0339976 0.0311657 0.0282023 0.0251326 0.0223074 0.0194649 0.016829 0.0143373 0.0121545 0.0101826 0.00837401 0.00688074 0.0055616 0.00445612 0.0035462 0.00278578 0.00215709 0.0016536 0.00126441 0.000946683 0.000714982 0.000525316 0.000388797 0.000275199 0.000202419 0.00014696 9.91398e-05 7.08011e-05 5.28421e-05 3.38177e-05 2.28293e-05 1.55848e-05 4.8398e-06 0 0 0 0 0 0 0 0 0 0 0 0 0 0 0 0 0 0 0 0 0 0 0 0 0 0 0 0 0 0 0 0 0 0 0 0 0 0 0 0 
PU_TTJetsMCatNLO_DiLept_mc    = 2.64819e-06 5.41814e-06 1.35454e-05 4.992e-05 0.000100327 0.000272064 0.0019996 0.00607325 0.0104609 0.013808 0.0168334 0.0205494 0.025759 0.0326585 0.0412674 0.0497546 0.0553914 0.0572262 0.056047 0.053124 0.0501094 0.0476253 0.0456313 0.0436375 0.0415835 0.0393105 0.0367525 0.0339976 0.0311657 0.0282023 0.0251326 0.0223074 0.0194649 0.016829 0.0143373 0.0121545 0.0101826 0.00837401 0.00688074 0.0055616 0.00445612 0.0035462 0.00278578 0.00215709 0.0016536 0.00126441 0.000946683 0.000714982 0.000525316 0.000388797 0.000275199 0.000202419 0.00014696 9.91398e-05 7.08011e-05 5.28421e-05 3.38177e-05 2.28293e-05 1.55848e-05 4.8398e-06 0 0 0 0 0 0 0 0 0 0 0 0 0 0 0 0 0 0 0 0 0 0 0 0 0 0 0 0 0 0 0 0 0 0 0 0 0 0 0 0 
PU_TTJetsSys_ScaleUpSemiLept_mc   = 2.99432e-06 4.39167e-06 1.25761e-05 4.63121e-05 9.68163e-05 0.000270886 0.00199581 0.00607008 0.0104849 0.0139294 0.0167961 0.0205969 0.0257982 0.0325866 0.0411399 0.0498706 0.0554256 0.0571633 0.0562443 0.0531246 0.0499955 0.0476843 0.0457248 0.0437073 0.0416775 0.0392653 0.0367772 0.0340296 0.031002 0.0280514 0.0252535 0.0222073 0.019517 0.0168482 0.0142621 0.0121128 0.0101316 0.00838928 0.00686976 0.00561834 0.00446393 0.00348778 0.00273281 0.00214713 0.00164887 0.0012668 0.000953191 0.000706459 0.000512228 0.000376086 0.00027907 0.000203015 0.00013714 9.72155e-05 7.42591e-05 4.89072e-05 3.61314e-05 2.33557e-05 1.69678e-05 3.59318e-06 0 0 0 0 0 0 0 0 0 0 0 0 0 0 0 0 0 0 0 0 0 0 0 0 0 0 0 0 0 0 0 0 0 0 0 0 0 0 0 0 
PU_TTJetsSys_ScaleUpDiLept_mc     = 2.99432e-06 4.39167e-06 1.25761e-05 4.63121e-05 9.68163e-05 0.000270886 0.00199581 0.00607008 0.0104849 0.0139294 0.0167961 0.0205969 0.0257982 0.0325866 0.0411399 0.0498706 0.0554256 0.0571633 0.0562443 0.0531246 0.0499955 0.0476843 0.0457248 0.0437073 0.0416775 0.0392653 0.0367772 0.0340296 0.031002 0.0280514 0.0252535 0.0222073 0.019517 0.0168482 0.0142621 0.0121128 0.0101316 0.00838928 0.00686976 0.00561834 0.00446393 0.00348778 0.00273281 0.00214713 0.00164887 0.0012668 0.000953191 0.000706459 0.000512228 0.000376086 0.00027907 0.000203015 0.00013714 9.72155e-05 7.42591e-05 4.89072e-05 3.61314e-05 2.33557e-05 1.69678e-05 3.59318e-06 0 0 0 0 0 0 0 0 0 0 0 0 0 0 0 0 0 0 0 0 0 0 0 0 0 0 0 0 0 0 0 0 0 0 0 0 0 0 0 0 
PU_TTJetsSys_ScaleDownSemiLept_mc = 3.15564e-06 3.89814e-06 1.35507e-05 5.10471e-05 9.13279e-05 0.000248367 0.0019758 0.00608611 0.0103629 0.0138752 0.0169237 0.0207093 0.0257407 0.0326167 0.0412238 0.0498142 0.0551691 0.0572912 0.0559331 0.0533225 0.0501271 0.0477387 0.0455179 0.043452 0.0416986 0.0392127 0.0368057 0.0340852 0.0312156 0.0282645 0.0251634 0.0221741 0.0194029 0.0168103 0.0144038 0.0121518 0.0101738 0.0084172 0.00685646 0.00554372 0.00441307 0.00359446 0.00274986 0.00213488 0.00165671 0.0012656 0.000957272 0.000709091 0.000520495 0.000399652 0.000278624 0.000204188 0.000142004 9.98667e-05 7.53641e-05 5.25321e-05 3.30414e-05 2.2832e-05 1.42932e-05 4.82627e-06 0 0 0 0 0 0 0 0 0 0 0 0 0 0 0 0 0 0 0 0 0 0 0 0 0 0 0 0 0 0 0 0 0 0 0 0 0 0 0 0 
PU_TTJetsSys_ScaleDownDiLept_mc   = 3.15564e-06 3.89814e-06 1.35507e-05 5.10471e-05 9.13279e-05 0.000248367 0.0019758 0.00608611 0.0103629 0.0138752 0.0169237 0.0207093 0.0257407 0.0326167 0.0412238 0.0498142 0.0551691 0.0572912 0.0559331 0.0533225 0.0501271 0.0477387 0.0455179 0.043452 0.0416986 0.0392127 0.0368057 0.0340852 0.0312156 0.0282645 0.0251634 0.0221741 0.0194029 0.0168103 0.0144038 0.0121518 0.0101738 0.0084172 0.00685646 0.00554372 0.00441307 0.00359446 0.00274986 0.00213488 0.00165671 0.0012656 0.000957272 0.000709091 0.000520495 0.000399652 0.000278624 0.000204188 0.000142004 9.98667e-05 7.53641e-05 5.25321e-05 3.30414e-05 2.2832e-05 1.42932e-05 4.82627e-06 0 0 0 0 0 0 0 0 0 0 0 0 0 0 0 0 0 0 0 0 0 0 0 0 0 0 0 0 0 0 0 0 0 0 0 0 0 0 0 0 
PU_TTJetsSys_MatchUpSemiLept_mc  = 2.40073e-06 5.9095e-06 1.32964e-05 4.98614e-05 0.000100277 0.000271098 0.0020096 0.00606518 0.0104761 0.0137485 0.0168956 0.0205355 0.0257322 0.0327395 0.0413726 0.0497321 0.0553257 0.0571347 0.0560686 0.0530852 0.0502546 0.0475349 0.0455971 0.0437347 0.0414871 0.0393346 0.0367914 0.0339746 0.0311011 0.028137 0.0251067 0.0222919 0.0194129 0.0168203 0.0143542 0.0121383 0.010193 0.00844061 0.00690488 0.00562843 0.00445613 0.00352982 0.0028059 0.00216786 0.00167165 0.00123268 0.000961217 0.000717635 0.000536472 0.000386149 0.000289196 0.000210526 0.000138319 9.76914e-05 6.99906e-05 5.15234e-05 3.15789e-05 2.43767e-05 1.32964e-05 5.72483e-06 0 0 0 0 0 0 0 0 0 0 0 0 0 0 0 0 0 0 0 0 0 0 0 0 0 0 0 0 0 0 0 0 0 0 0 0 0 0 0 0 
PU_TTJetsSys_MatchUpDiLept_mc    = 2.40073e-06 5.9095e-06 1.32964e-05 4.98614e-05 0.000100277 0.000271098 0.0020096 0.00606518 0.0104761 0.0137485 0.0168956 0.0205355 0.0257322 0.0327395 0.0413726 0.0497321 0.0553257 0.0571347 0.0560686 0.0530852 0.0502546 0.0475349 0.0455971 0.0437347 0.0414871 0.0393346 0.0367914 0.0339746 0.0311011 0.028137 0.0251067 0.0222919 0.0194129 0.0168203 0.0143542 0.0121383 0.010193 0.00844061 0.00690488 0.00562843 0.00445613 0.00352982 0.0028059 0.00216786 0.00167165 0.00123268 0.000961217 0.000717635 0.000536472 0.000386149 0.000289196 0.000210526 0.000138319 9.76914e-05 6.99906e-05 5.15234e-05 3.15789e-05 2.43767e-05 1.32964e-05 5.72483e-06 0 0 0 0 0 0 0 0 0 0 0 0 0 0 0 0 0 0 0 0 0 0 0 0 0 0 0 0 0 0 0 0 0 0 0 0 0 0 0 0 
PU_TTJetsSys_MatchDownSemiLept_mc = 2.92145e-06 4.74736e-06 1.57028e-05 5.14906e-05 9.78687e-05 0.000256357 0.00197417 0.00614856 0.0104458 0.0137588 0.0168217 0.0205181 0.0256085 0.0327407 0.041005 0.049792 0.055306 0.0572908 0.0561866 0.0531606 0.0501226 0.0476734 0.0454883 0.0438119 0.041393 0.0394035 0.0368309 0.0340147 0.0312988 0.0281566 0.0251926 0.0222332 0.0194739 0.0167901 0.0143648 0.0121569 0.0101751 0.0084514 0.00688623 0.0055787 0.00447329 0.00351998 0.0028035 0.00212116 0.00168641 0.00122518 0.000965357 0.000713747 0.000521479 0.000365912 0.000272425 0.00020651 0.000137856 0.000103894 6.93845e-05 5.24036e-05 3.43271e-05 2.33716e-05 1.57028e-05 5.29513e-06 0 0 0 0 0 0 0 0 0 0 0 0 0 0 0 0 0 0 0 0 0 0 0 0 0 0 0 0 0 0 0 0 0 0 0 0 0 0 0 0 
PU_TTJetsSys_MatchDownDiLept_mc   = 2.92145e-06 4.74736e-06 1.57028e-05 5.14906e-05 9.78687e-05 0.000256357 0.00197417 0.00614856 0.0104458 0.0137588 0.0168217 0.0205181 0.0256085 0.0327407 0.041005 0.049792 0.055306 0.0572908 0.0561866 0.0531606 0.0501226 0.0476734 0.0454883 0.0438119 0.041393 0.0394035 0.0368309 0.0340147 0.0312988 0.0281566 0.0251926 0.0222332 0.0194739 0.0167901 0.0143648 0.0121569 0.0101751 0.0084514 0.00688623 0.0055787 0.00447329 0.00351998 0.0028035 0.00212116 0.00168641 0.00122518 0.000965357 0.000713747 0.000521479 0.000365912 0.000272425 0.00020651 0.000137856 0.000103894 6.93845e-05 5.24036e-05 3.43271e-05 2.33716e-05 1.57028e-05 5.29513e-06 0 0 0 0 0 0 0 0 0 0 0 0 0 0 0 0 0 0 0 0 0 0 0 0 0 0 0 0 0 0 0 0 0 0 0 0 0 0 0 0 
PU_TTJetsSys_Mass166p5SemiLept_mc = 1.79007e-06 4.9227e-06 1.45443e-05 5.5716e-05 9.84539e-05 0.00026963 0.0020512 0.00611332 0.0105431 0.0138693 0.0167318 0.0205017 0.0257793 0.032693 0.0411213 0.0497414 0.0553069 0.0573168 0.0561375 0.0531289 0.0500746 0.0478236 0.0455405 0.0435826 0.0416113 0.0393044 0.0368923 0.0340977 0.0310891 0.0281715 0.0251214 0.0223068 0.0193623 0.0167184 0.014296 0.0121036 0.0101598 0.00844332 0.00691214 0.00556578 0.00450919 0.00352689 0.00277483 0.00215413 0.00163836 0.00123023 0.000968876 0.000704393 0.000503681 0.000394263 0.000285516 0.000195789 0.000147233 9.33075e-05 8.10007e-05 5.21358e-05 3.40114e-05 2.52848e-05 1.79007e-05 5.59397e-06 0 0 0 0 0 0 0 0 0 0 0 0 0 0 0 0 0 0 0 0 0 0 0 0 0 0 0 0 0 0 0 0 0 0 0 0 0 0 0 0 
PU_TTJetsSys_Mass166p5DiLept_mc   = 1.79007e-06 4.9227e-06 1.45443e-05 5.5716e-05 9.84539e-05 0.00026963 0.0020512 0.00611332 0.0105431 0.0138693 0.0167318 0.0205017 0.0257793 0.032693 0.0411213 0.0497414 0.0553069 0.0573168 0.0561375 0.0531289 0.0500746 0.0478236 0.0455405 0.0435826 0.0416113 0.0393044 0.0368923 0.0340977 0.0310891 0.0281715 0.0251214 0.0223068 0.0193623 0.0167184 0.014296 0.0121036 0.0101598 0.00844332 0.00691214 0.00556578 0.00450919 0.00352689 0.00277483 0.00215413 0.00163836 0.00123023 0.000968876 0.000704393 0.000503681 0.000394263 0.000285516 0.000195789 0.000147233 9.33075e-05 8.10007e-05 5.21358e-05 3.40114e-05 2.52848e-05 1.79007e-05 5.59397e-06 0 0 0 0 0 0 0 0 0 0 0 0 0 0 0 0 0 0 0 0 0 0 0 0 0 0 0 0 0 0 0 0 0 0 0 0 0 0 0 0 
PU_TTJetsSys_Mass178p5SemiLept_mc = 2.11261e-06 5.91531e-06 1.28869e-05 5.13364e-05 9.97152e-05 0.000278231 0.00198501 0.00613713 0.0104952 0.0139242 0.016925 0.0204708 0.0256729 0.0326457 0.0413752 0.0498665 0.0552401 0.0572114 0.0559736 0.0530491 0.0500826 0.0476005 0.0455371 0.0436279 0.041472 0.0391959 0.0368557 0.0340905 0.0312484 0.0281854 0.0252799 0.0223396 0.0196158 0.0166638 0.014539 0.0121587 0.0100767 0.00839635 0.00688837 0.00555257 0.00441049 0.00345686 0.00275146 0.00216923 0.00164572 0.0012625 0.00094497 0.000719555 0.000519279 0.000383861 0.000265766 0.000193092 0.000150418 0.00010056 6.54909e-05 5.3449e-05 3.63369e-05 2.09148e-05 1.52108e-05 6.12657e-06 0 0 0 0 0 0 0 0 0 0 0 0 0 0 0 0 0 0 0 0 0 0 0 0 0 0 0 0 0 0 0 0 0 0 0 0 0 0 0 0 
PU_TTJetsSys_Mass178p5DiLept_mc   = 2.11261e-06 5.91531e-06 1.28869e-05 5.13364e-05 9.97152e-05 0.000278231 0.00198501 0.00613713 0.0104952 0.0139242 0.016925 0.0204708 0.0256729 0.0326457 0.0413752 0.0498665 0.0552401 0.0572114 0.0559736 0.0530491 0.0500826 0.0476005 0.0455371 0.0436279 0.041472 0.0391959 0.0368557 0.0340905 0.0312484 0.0281854 0.0252799 0.0223396 0.0196158 0.0166638 0.014539 0.0121587 0.0100767 0.00839635 0.00688837 0.00555257 0.00441049 0.00345686 0.00275146 0.00216923 0.00164572 0.0012625 0.00094497 0.000719555 0.000519279 0.000383861 0.000265766 0.000193092 0.000150418 0.00010056 6.54909e-05 5.3449e-05 3.63369e-05 2.09148e-05 1.52108e-05 6.12657e-06 0 0 0 0 0 0 0 0 0 0 0 0 0 0 0 0 0 0 0 0 0 0 0 0 0 0 0 0 0 0 0 0 0 0 0 0 0 0 0 0 


################
# DYJets
################
PU_DYJetsToLL_M10To50_mc     = 2.43159e-06 5.41822e-06 1.38495e-05 5.15392e-05 0.000100303 0.000271704 0.00199399 0.00611054 0.0104909 0.0138063 0.0168575 0.0205834 0.025683 0.0325703 0.0412335 0.0497457 0.0554663 0.0572436 0.0560747 0.053144 0.0500956 0.0476102 0.045591 0.0436195 0.041611 0.0393228 0.0368178 0.0341034 0.031106 0.0281477 0.0251583 0.0222465 0.0194731 0.0168445 0.0143577 0.0121189 0.0101674 0.00840644 0.00687026 0.00555368 0.00445137 0.00353609 0.00276818 0.00215479 0.00166591 0.00125719 0.000949537 0.000707832 0.000523136 0.000382738 0.000283941 0.000201003 0.000146028 0.000102867 7.24192e-05 4.90812e-05 3.49409e-05 2.27037e-05 1.50124e-05 4.38744e-06 0 0 0 0 0 0 0 0 0 0 0 0 0 0 0 0 0 0 0 0 0 0 0 0 0 0 0 0 0 0 0 0 0 0 0 0 0 0 0 0 
PU_DYJetsToLL_M50ToInf_mc     = 2.59361e-06 5.87666e-06 1.21473e-05 5.18722e-05 9.72439e-05 0.000270096 0.00199629 0.00607922 0.0104753 0.0138776 0.0168224 0.020521 0.0257168 0.0326316 0.041123 0.0497782 0.0553764 0.0572854 0.0560491 0.0531102 0.0500938 0.0477282 0.0455776 0.0436205 0.0415989 0.0393506 0.0367824 0.034082 0.0311497 0.0281683 0.0251926 0.022269 0.0194793 0.0167735 0.014373 0.0121378 0.010149 0.00839695 0.00688816 0.00555968 0.00445382 0.00354421 0.00277319 0.00214895 0.00165295 0.00126896 0.00095563 0.000703984 0.000527422 0.000384445 0.000279748 0.000203352 0.000146884 0.000100264 7.16361e-05 5.12155e-05 3.48331e-05 2.38021e-05 1.65137e-05 5.05589e-06 0 0 0 0 0 0 0 0 0 0 0 0 0 0 0 0 0 0 0 0 0 0 0 0 0 0 0 0 0 0 0 0 0 0 0 0 0 0 0 0 

################
# WJets
################
PU_WJetsToLNu_Inclusive_mc     = 2.3922e-06 5.05625e-06 1.39726e-05 5.0345e-05 9.84065e-05 0.000269721 0.00200624 0.00609702 0.0105044 0.0137949 0.0168749 0.0205424 0.0257467 0.0326191 0.0412202 0.0497293 0.0554048 0.057198 0.0559803 0.0531086 0.0500749 0.0476276 0.0455608 0.0437351 0.0415386 0.0393475 0.0368531 0.0340444 0.0311325 0.0281874 0.0252048 0.0222219 0.0194855 0.0167852 0.0144365 0.012127 0.010147 0.00841653 0.00687144 0.00557655 0.00445656 0.003541 0.00275777 0.00216821 0.00166883 0.00125732 0.000941549 0.000711028 0.000536343 0.000388298 0.000283965 0.00020225 0.000145381 0.000104115 7.17661e-05 4.82246e-05 3.3219e-05 2.44113e-05 1.45707e-05 4.13199e-06 0 0 0 0 0 0 0 0 0 0 0 0 0 0 0 0 0 0 0 0 0 0 0 0 0 0 0 0 0 0 0 0 0 0 0 0 0 0 0 0 
PU_WJetsToLNu_1Jet_mc     = 3.11128e-06 5.05583e-06 1.40872e-05 4.96076e-05 9.96042e-05 0.000271373 0.00199787 0.00610934 0.0104755 0.0138402 0.0168221 0.0205937 0.0257515 0.0326518 0.041254 0.04976 0.0553814 0.0572833 0.0561118 0.0530353 0.0500871 0.0476307 0.0455881 0.0437007 0.0415189 0.0392829 0.0367848 0.0340161 0.0311469 0.02827 0.0252458 0.0222114 0.0194263 0.0167878 0.0143736 0.0121255 0.0101691 0.00836005 0.00686508 0.00558479 0.00444559 0.00351968 0.00277371 0.00215482 0.00166419 0.00126785 0.000949978 0.000708032 0.000523775 0.000383163 0.000280102 0.000198042 0.000145582 0.000103061 7.22076e-05 5.06015e-05 3.26684e-05 2.02665e-05 1.69392e-05 3.62983e-06 0 0 0 0 0 0 0 0 0 0 0 0 0 0 0 0 0 0 0 0 0 0 0 0 0 0 0 0 0 0 0 0 0 0 0 0 0 0 0 0 
PU_WJetsToLNu_2Jets_mc     = 2.67294e-06 4.87591e-06 1.41578e-05 5.07565e-05 0.000101719 0.000268998 0.0019934 0.00610279 0.010439 0.0138394 0.016844 0.0205457 0.0257285 0.0326146 0.0411754 0.0498324 0.0553536 0.0572849 0.0560104 0.0531632 0.0500304 0.0476558 0.045614 0.0436513 0.0416441 0.0393364 0.0368427 0.0340568 0.0311516 0.0282048 0.025184 0.0222224 0.0194087 0.0167983 0.0143784 0.0121395 0.010115 0.00842308 0.00688505 0.00556268 0.00446595 0.00352605 0.00276664 0.00216197 0.00165652 0.00125305 0.000952448 0.000713939 0.000522075 0.000378001 0.000284271 0.000198679 0.000148216 0.00010072 6.97608e-05 5.01984e-05 3.38964e-05 2.19122e-05 1.4804e-05 5.02278e-06 0 0 0 0 0 0 0 0 0 0 0 0 0 0 0 0 0 0 0 0 0 0 0 0 0 0 0 0 0 0 0 0 0 0 0 0 0 0 0 0 
PU_WJetsToLNu_3Jets_mc     = 2.31668e-06 5.53428e-06 1.43505e-05 4.85215e-05 9.69786e-05 0.000268863 0.00200154 0.00613005 0.0104768 0.0138432 0.0168396 0.0205469 0.0257384 0.0326385 0.0412411 0.0497467 0.055366 0.0572916 0.0560696 0.0531957 0.0500655 0.0476472 0.0455682 0.0436372 0.0414721 0.0394053 0.0367234 0.0339873 0.0311917 0.0281962 0.0252045 0.0222626 0.0194346 0.0167744 0.0143488 0.0121557 0.0101485 0.00838669 0.00692944 0.00558074 0.00443978 0.00353004 0.00277371 0.00216172 0.00166061 0.00126754 0.000947778 0.000705814 0.000531742 0.000379291 0.00027562 0.000198526 0.000146337 0.000102577 7.02725e-05 4.92937e-05 3.4364e-05 2.13649e-05 1.71177e-05 4.18289e-06 0 0 0 0 0 0 0 0 0 0 0 0 0 0 0 0 0 0 0 0 0 0 0 0 0 0 0 0 0 0 0 0 0 0 0 0 0 0 0 0 
PU_WJetsToLNu_4Jets_mc     = 1.6439e-06 5.45476e-06 1.3749e-05 5.00642e-05 0.000101548 0.000272066 0.00201438 0.00608139 0.0104366 0.0138283 0.0168601 0.0205696 0.0257985 0.0326744 0.0411785 0.0497378 0.0553398 0.0573739 0.0560457 0.053133 0.0500306 0.0476609 0.0455445 0.0435962 0.0416618 0.0393645 0.0368688 0.0340083 0.0311215 0.028172 0.0251565 0.0222894 0.0194864 0.0168279 0.0143052 0.0121226 0.0101431 0.00834123 0.0068736 0.00559113 0.00450257 0.00352251 0.00274539 0.00215605 0.00165063 0.00126177 0.000944869 0.000706354 0.000532026 0.000377948 0.000277296 0.000203171 0.00013891 0.000101324 7.08372e-05 4.8794e-05 3.4223e-05 2.31641e-05 1.50193e-05 4.55809e-06 0 0 0 0 0 0 0 0 0 0 0 0 0 0 0 0 0 0 0 0 0 0 0 0 0 0 0 0 0 0 0 0 0 0 0 0 0 0 0 0 

################
# SingleTop
################
PU_SingleTop_TBarToDilepton-tW_mc     = 2.69226e-06 3.02879e-06 1.61536e-05 6.15854e-05 0.0001087 0.000257447 0.00202794 0.00611648 0.0105479 0.0138742 0.0168946 0.0204783 0.0256852 0.0325662 0.0410708 0.0499242 0.0553855 0.0571133 0.0558987 0.0530301 0.0498862 0.0475365 0.0456547 0.0435921 0.0416745 0.039487 0.0367806 0.0342402 0.0312067 0.0283603 0.0250952 0.022444 0.0195569 0.0167856 0.0142548 0.0121131 0.0101131 0.00844225 0.00684642 0.00553629 0.0044954 0.00351575 0.00271952 0.00216861 0.00167963 0.00128387 0.000942291 0.000704026 0.000526673 0.000388695 0.000270236 0.00019216 0.000146392 8.98542e-05 7.70659e-05 5.78836e-05 3.06245e-05 2.28842e-05 1.41344e-05 4.71145e-06 0 0 0 0 0 0 0 0 0 0 0 0 0 0 0 0 0 0 0 0 0 0 0 0 0 0 0 0 0 0 0 0 0 0 0 0 0 0 0 0 
PU_SingleTop_TBarToLeptons-s_mc     = 3.0005e-06 6.001e-06 1.35022e-05 4.35072e-05 0.000116019 0.000263544 0.00203334 0.00614102 0.0104797 0.0137113 0.0168973 0.0206849 0.0256733 0.0326549 0.0413624 0.0498363 0.0551682 0.0572905 0.0559968 0.0530943 0.0502409 0.047851 0.0452855 0.0436263 0.0415874 0.0393796 0.0366746 0.0338576 0.0311592 0.0280237 0.0253522 0.0223537 0.0193892 0.0167473 0.0143639 0.012051 0.0101462 0.00852092 0.00688415 0.00560343 0.00454076 0.00356059 0.00280147 0.00214736 0.00166328 0.00123821 0.000965161 0.000708118 0.000498083 0.000381564 0.000262544 0.000199033 0.000167028 0.000104517 7.00117e-05 4.65077e-05 3.0005e-05 2.35039e-05 1.60027e-05 8.50142e-06 0 0 0 0 0 0 0 0 0 0 0 0 0 0 0 0 0 0 0 0 0 0 0 0 0 0 0 0 0 0 0 0 0 0 0 0 0 0 0 0 
PU_SingleTop_TBarToLeptons-t_mc     = 1.75295e-06 4.67453e-06 1.34393e-05 4.79139e-05 9.23219e-05 0.000257683 0.00198609 0.00614759 0.0104593 0.0138781 0.016795 0.020371 0.0256112 0.0324734 0.0411931 0.0498211 0.0554159 0.0574505 0.0561282 0.0532546 0.0501197 0.0475113 0.0457554 0.0436279 0.0416565 0.039259 0.0366547 0.0340849 0.0310599 0.0280962 0.0251396 0.0224196 0.019501 0.0169381 0.014442 0.0121187 0.0101256 0.00834987 0.00681429 0.00554574 0.00449047 0.00350823 0.00279361 0.00212048 0.00170094 0.00123817 0.000951266 0.000707607 0.000543998 0.000393829 0.000267032 0.00019633 0.000157181 0.000102255 7.9467e-05 4.6161e-05 3.5059e-05 1.81138e-05 2.10354e-05 5.84316e-06 0 0 0 0 0 0 0 0 0 0 0 0 0 0 0 0 0 0 0 0 0 0 0 0 0 0 0 0 0 0 0 0 0 0 0 0 0 0 0 0 
PU_SingleTop_TBarToThadWlep-tW_mc     = 3.34914e-06 2.67931e-06 1.27267e-05 4.6888e-05 9.51157e-05 0.000290706 0.0020336 0.00605391 0.0104828 0.0139251 0.0168951 0.0205349 0.0257824 0.0324231 0.0410531 0.0494829 0.0549353 0.0573728 0.056139 0.0531241 0.0500061 0.0478974 0.0458866 0.0437298 0.041581 0.0392178 0.0368185 0.0340273 0.0310693 0.0281094 0.0253296 0.0222859 0.0198376 0.0167176 0.0145185 0.0120388 0.0101191 0.00853496 0.00678403 0.00551068 0.00445034 0.0035367 0.00276505 0.00216623 0.00161429 0.00122713 0.000951157 0.000748199 0.000540552 0.000367736 0.000278649 0.000198939 0.000131286 0.000105163 8.17191e-05 4.48785e-05 4.01897e-05 2.54535e-05 1.33966e-05 3.34914e-06 0 0 0 0 0 0 0 0 0 0 0 0 0 0 0 0 0 0 0 0 0 0 0 0 0 0 0 0 0 0 0 0 0 0 0 0 0 0 0 0 
PU_SingleTop_TBarToTlepWhad-tW_mc     = 5.45521e-06 4.77331e-06 1.15923e-05 5.25064e-05 9.47843e-05 0.000276852 0.00193455 0.0061978 0.0104924 0.0138692 0.0169187 0.0205675 0.0257009 0.032869 0.0411459 0.0496901 0.0552933 0.0568215 0.0561996 0.0533029 0.0498061 0.0474481 0.0456703 0.043701 0.0415305 0.0392502 0.0370586 0.0341067 0.0311833 0.0282348 0.0253244 0.0221666 0.0196115 0.0168198 0.0142708 0.012146 0.0102333 0.0083492 0.00678628 0.00555272 0.00452237 0.00346951 0.00279852 0.00216231 0.00165838 0.0012206 0.00093966 0.00073509 0.000516199 0.000388684 0.000260486 0.000196388 0.000126152 0.000104331 6.95539e-05 4.70512e-05 4.1596e-05 2.25027e-05 1.56837e-05 5.45521e-06 0 0 0 0 0 0 0 0 0 0 0 0 0 0 0 0 0 0 0 0 0 0 0 0 0 0 0 0 0 0 0 0 0 0 0 0 0 0 0 0 
PU_SingleTop_TToDilepton-tW_mc     = 3.35964e-06 6.71928e-06 1.47824e-05 4.83788e-05 0.000106837 0.000278514 0.00201914 0.00610144 0.0103846 0.0137735 0.0169023 0.0206077 0.0258407 0.0326029 0.0411311 0.0497465 0.0553578 0.0572187 0.0560163 0.0534367 0.0500082 0.0476736 0.0454358 0.0437617 0.0416679 0.0392379 0.0367128 0.0339471 0.0312289 0.0281823 0.0251718 0.0223574 0.0193717 0.0167381 0.0143487 0.012138 0.0101992 0.00842665 0.00695748 0.0055686 0.00444279 0.00347924 0.0027969 0.00212228 0.00165697 0.00131026 0.000950778 0.000714595 0.000535191 0.000359145 0.000267763 0.000192507 0.000141777 9.03743e-05 7.72717e-05 5.47621e-05 3.46043e-05 1.8478e-05 1.67982e-05 5.71139e-06 0 0 0 0 0 0 0 0 0 0 0 0 0 0 0 0 0 0 0 0 0 0 0 0 0 0 0 0 0 0 0 0 0 0 0 0 0 0 0 0 
PU_SingleTop_TToLeptons-s_mc     = 1.77994e-06 5.08555e-06 1.47481e-05 5.41611e-05 0.000106034 0.000266229 0.00197904 0.00609173 0.0104452 0.0137841 0.0168217 0.0206237 0.025783 0.0325768 0.0412151 0.0497293 0.0553611 0.0572051 0.0559098 0.053305 0.0499643 0.0477376 0.045577 0.0437352 0.0416629 0.0394784 0.0366892 0.0339183 0.0311981 0.0281737 0.0252131 0.0222938 0.0194199 0.0167444 0.0143494 0.0121936 0.010194 0.00840998 0.00687592 0.00552291 0.00442163 0.00353064 0.00278053 0.00217789 0.00165687 0.00128283 0.000957864 0.000736388 0.000535254 0.000371754 0.000277417 0.00019198 0.000137564 0.000113662 6.58579e-05 5.0347e-05 3.33104e-05 2.54278e-05 1.57652e-05 6.61122e-06 0 0 0 0 0 0 0 0 0 0 0 0 0 0 0 0 0 0 0 0 0 0 0 0 0 0 0 0 0 0 0 0 0 0 0 0 0 0 0 0 
PU_SingleTop_TToLeptons-t_mc     = 1.53233e-06 5.61855e-06 1.27694e-05 4.90347e-05 0.000106753 0.000270968 0.00198463 0.00607698 0.0104025 0.0138015 0.016847 0.020486 0.0256441 0.0325897 0.0410558 0.0497988 0.055342 0.0568751 0.0562162 0.0531344 0.0499809 0.0478364 0.045779 0.0437141 0.0417336 0.0392362 0.0369142 0.0339744 0.0311628 0.0282759 0.0252161 0.0221637 0.0194558 0.0168488 0.0144259 0.0121141 0.0101571 0.00840766 0.00683344 0.00558663 0.00441644 0.00360583 0.0028057 0.00218868 0.00166411 0.00128486 0.000947237 0.000711769 0.000535806 0.000383083 0.000268669 0.000206865 0.000155787 0.000104965 6.79334e-05 5.03116e-05 3.57544e-05 2.47727e-05 1.71111e-05 6.64011e-06 0 0 0 0 0 0 0 0 0 0 0 0 0 0 0 0 0 0 0 0 0 0 0 0 0 0 0 0 0 0 0 0 0 0 0 0 0 0 0 0 
PU_SingleTop_TToThadWlep-tW_mc     = 2.7442e-06 4.11629e-06 1.50931e-05 5.557e-05 8.71282e-05 0.00025178 0.00195044 0.00603106 0.0104362 0.0139728 0.0168871 0.0204086 0.0255979 0.0325331 0.0412247 0.0499169 0.0554348 0.0573194 0.0561524 0.0532333 0.0499643 0.0474911 0.0455303 0.0434948 0.0415835 0.039395 0.0368786 0.0344609 0.0312948 0.0281692 0.0249818 0.0221944 0.0194323 0.0168226 0.01423 0.0121774 0.00992095 0.00832863 0.00690097 0.00563864 0.00461162 0.00360793 0.00276752 0.00217889 0.00164926 0.00130075 0.000926852 0.000716921 0.00051042 0.000388304 0.000293629 0.000211989 0.000145442 0.000100849 6.79188e-05 4.32211e-05 2.7442e-05 2.40117e-05 1.71512e-05 4.80234e-06 0 0 0 0 0 0 0 0 0 0 0 0 0 0 0 0 0 0 0 0 0 0 0 0 0 0 0 0 0 0 0 0 0 0 0 0 0 0 0 0 
PU_SingleTop_TToTlepWhad-tW_mc     = 2.01327e-06 4.69764e-06 1.34218e-05 4.96608e-05 8.72419e-05 0.000253673 0.00198173 0.00620625 0.0104053 0.0138104 0.01678 0.020628 0.0257102 0.0324909 0.0413527 0.0497856 0.0553664 0.0571662 0.0560194 0.0528464 0.050152 0.0479065 0.0455966 0.0436518 0.0417707 0.0391367 0.0366517 0.0338881 0.0314675 0.0282214 0.0252082 0.0221984 0.0196972 0.016839 0.0142748 0.0120723 0.0102731 0.00842555 0.00679077 0.00551704 0.00461375 0.00351383 0.00274409 0.00213877 0.0016435 0.00126232 0.000912013 0.000699277 0.000510029 0.000377153 0.000283201 0.000191932 0.00013556 0.000105361 5.50295e-05 4.09366e-05 3.28835e-05 2.08038e-05 1.27507e-05 7.38201e-06 0 0 0 0 0 0 0 0 0 0 0 0 0 0 0 0 0 0 0 0 0 0 0 0 0 0 0 0 0 0 0 0 0 0 0 0 0 0 0 0 


################
# DiBoson
################
PU_DiBoson_ZZJetsTo4_mc     = 2.70389e-06 4.7838e-06 1.45594e-05 4.8878e-05 0.00010358 0.000266021 0.00198611 0.00608687 0.0104979 0.0137929 0.0169374 0.0205238 0.0256622 0.0326584 0.0413033 0.0497463 0.0551944 0.0573309 0.0560204 0.0530523 0.0500664 0.0477839 0.0455761 0.0435241 0.0415523 0.0392503 0.0368215 0.0340193 0.0311617 0.0282587 0.0252235 0.0222782 0.0195021 0.016824 0.0142751 0.0121658 0.0101231 0.00840181 0.00689013 0.0056322 0.00447036 0.00352961 0.00281683 0.00217122 0.0016735 0.00127811 0.000954264 0.000730881 0.000518938 0.000374176 0.000279956 0.000188856 0.000147882 0.000103996 7.0925e-05 5.13739e-05 3.41106e-05 2.2879e-05 1.41434e-05 3.95183e-06 0 0 0 0 0 0 0 0 0 0 0 0 0 0 0 0 0 0 0 0 0 0 0 0 0 0 0 0 0 0 0 0 0 0 0 0 0 0 0 0 
PU_DiBoson_WZJetsTo3LNu_mc     = 4.45991e-06 4.45991e-06 1.38753e-05 4.41035e-05 0.00010456 0.000267099 0.00193758 0.00604516 0.0105298 0.0138262 0.0168758 0.0204883 0.0258417 0.0328537 0.0412204 0.0493112 0.0554272 0.0573093 0.0560392 0.0531938 0.0499639 0.0475882 0.0458721 0.0435778 0.0416119 0.0390633 0.0367893 0.0340207 0.0311857 0.0280404 0.0252257 0.0222435 0.0195651 0.0168213 0.0143232 0.0122464 0.0101602 0.00844459 0.00692971 0.00559818 0.004394 0.00355554 0.00278744 0.00218981 0.00171013 0.00128743 0.000964827 0.000689799 0.000511403 0.000385039 0.000275028 0.000183352 0.000139744 0.000109516 7.58184e-05 5.30233e-05 3.51837e-05 2.32906e-05 1.58574e-05 4.45991e-06 0 0 0 0 0 0 0 0 0 0 0 0 0 0 0 0 0 0 0 0 0 0 0 0 0 0 0 0 0 0 0 0 0 0 0 0 0 0 0 0 
PU_DiBoson_WWJetsTo2L2Nu_mc     = 4.65541e-06 8.27628e-06 1.5518e-05 4.4485e-05 0.000101902 0.000249323 0.00194906 0.00605979 0.0103919 0.013929 0.0168852 0.0203612 0.0256404 0.0324979 0.0409748 0.049531 0.0553182 0.0571115 0.0563915 0.05326 0.0503182 0.0474324 0.0455449 0.0435224 0.0417109 0.0394515 0.036846 0.0344024 0.0313211 0.028144 0.0253285 0.0222492 0.0193691 0.0168665 0.0143914 0.0121992 0.010169 0.0083875 0.00683104 0.00549907 0.00446299 0.00350759 0.00276376 0.00215597 0.00165474 0.0012611 0.000936255 0.000722623 0.000530199 0.000375019 0.000273117 0.000203286 0.000156732 8.74182e-05 6.00031e-05 5.7934e-05 4.34505e-05 1.75871e-05 1.50008e-05 5.17268e-06 0 0 0 0 0 0 0 0 0 0 0 0 0 0 0 0 0 0 0 0 0 0 0 0 0 0 0 0 0 0 0 0 0 0 0 0 0 0 0 0 
PU_DiBoson_ZZJetsTo2L2Nu_mc     = 1.04722e-06 2.09444e-06 1.15194e-05 6.91164e-05 0.000103675 0.000268088 0.0019562 0.0060812 0.0104816 0.0137133 0.0167701 0.020737 0.0256547 0.0331465 0.0413442 0.0501649 0.0554785 0.0572336 0.0559392 0.0534196 0.0499376 0.0476599 0.0458671 0.0436439 0.0415494 0.0392738 0.0368694 0.0335089 0.0306542 0.0280644 0.0249709 0.0220523 0.0195097 0.0168927 0.0144013 0.0124954 0.0100816 0.00853168 0.0068132 0.00564032 0.0043868 0.00346943 0.00265679 0.00209129 0.00160329 0.00130064 0.000938307 0.000726769 0.000497429 0.000411557 0.000293221 0.00019583 0.000147658 0.000112052 7.2258e-05 3.76998e-05 3.03693e-05 1.67555e-05 1.25666e-05 5.23609e-06 0 0 0 0 0 0 0 0 0 0 0 0 0 0 0 0 0 0 0 0 0 0 0 0 0 0 0 0 0 0 0 0 0 0 0 0 0 0 0 0 
PU_DiBoson_ZZJetsTo2L2Q_mc     = 1.54901e-06 4.64702e-06 1.85881e-05 5.11172e-05 9.60383e-05 0.000262815 0.00197447 0.00605713 0.0105683 0.0139163 0.0168046 0.0208713 0.0257109 0.0325844 0.0413125 0.0498645 0.0554213 0.0574221 0.0561587 0.0530565 0.0501681 0.047399 0.0453125 0.04359 0.0417731 0.0392993 0.0365772 0.0336955 0.0312723 0.0282198 0.0250479 0.0223217 0.0195133 0.0167984 0.0144558 0.0121876 0.0100541 0.00832487 0.0069096 0.00553305 0.00452774 0.00354619 0.00274948 0.00216138 0.00160683 0.00126244 0.000951605 0.000762111 0.000520466 0.000385702 0.000273658 0.000200854 0.000140443 0.000106365 6.97052e-05 4.69865e-05 3.04638e-05 2.53004e-05 1.34247e-05 7.74503e-06 0 0 0 0 0 0 0 0 0 0 0 0 0 0 0 0 0 0 0 0 0 0 0 0 0 0 0 0 0 0 0 0 0 0 0 0 0 0 0 0 
PU_DiBoson_WZJetsTo2L2Q_mc     = 2.48757e-06 6.21892e-06 1.39926e-05 4.85076e-05 0.000111008 0.00026959 0.00204727 0.00609361 0.0103996 0.0138396 0.0168076 0.020571 0.0256394 0.0326111 0.0412722 0.0497629 0.0553149 0.057502 0.0560505 0.0530387 0.049914 0.0475082 0.0455169 0.0436429 0.0417361 0.0393213 0.0366282 0.034229 0.0312482 0.0281736 0.0253421 0.0222034 0.0194475 0.0169295 0.0143682 0.0121524 0.010172 0.00841452 0.00681843 0.00558522 0.00443223 0.00354261 0.0027668 0.00218315 0.00162532 0.00126524 0.000944655 0.000702117 0.000537626 0.000370337 0.000260884 0.000191232 0.000138682 0.000100125 6.9652e-05 5.03733e-05 3.01618e-05 1.80349e-05 1.27488e-05 4.0423e-06 0 0 0 0 0 0 0 0 0 0 0 0 0 0 0 0 0 0 0 0 0 0 0 0 0 0 0 0 0 0 0 0 0 0 0 0 0 0 0 0 
PU_DiBoson_WGstarToLNu2E_mc     = 3.1781e-06 3.1781e-06 1.58905e-05 4.44935e-05 9.53431e-05 0.000209755 0.00189097 0.00572377 0.0103129 0.0138724 0.0168344 0.0203844 0.0257681 0.0327631 0.0413154 0.0495848 0.0547651 0.0573552 0.0564209 0.0525182 0.049696 0.047894 0.045984 0.0438705 0.0419224 0.0394689 0.0372728 0.0335544 0.0316635 0.0285203 0.0249672 0.0225709 0.0192847 0.0168757 0.0143174 0.0121213 0.0103352 0.00838066 0.00669309 0.00548223 0.0044557 0.00345778 0.00275542 0.00212615 0.00170346 0.00128078 0.000934363 0.000676936 0.000559346 0.000425866 0.000254248 0.000187508 0.000130302 9.53431e-05 5.08497e-05 6.67402e-05 4.44935e-05 2.54248e-05 9.53431e-06 3.1781e-06 0 0 0 0 0 0 0 0 0 0 0 0 0 0 0 0 0 0 0 0 0 0 0 0 0 0 0 0 0 0 0 0 0 0 0 0 0 0 0 0 
PU_DiBoson_WGstarToLNu2Mu_mc     = 0 3.33363e-06 6.66727e-06 5.66718e-05 0.000126678 0.000206685 0.00196018 0.00607055 0.0105176 0.0137812 0.0166248 0.0206985 0.0250823 0.0328596 0.040647 0.0496411 0.0560184 0.0571851 0.0567418 0.0533881 0.0504212 0.0476243 0.0455541 0.0435272 0.0415704 0.0387968 0.0370767 0.0337497 0.0311061 0.0283792 0.0244089 0.022182 0.0200218 0.0172149 0.0146447 0.0120978 0.0102643 0.00807073 0.00679728 0.00576719 0.00438373 0.00351365 0.00251023 0.0022402 0.00171015 0.00118344 0.000933417 0.00070673 0.000600054 0.000410037 0.000276692 0.000186683 0.000153347 0.000116677 7.00063e-05 3.667e-05 3.33363e-05 3.00027e-05 1.33345e-05 0 0 0 0 0 0 0 0 0 0 0 0 0 0 0 0 0 0 0 0 0 0 0 0 0 0 0 0 0 0 0 0 0 0 0 0 0 0 0 0 0 
PU_DiBoson_WGstarToLNu2Tau_mc     = 0 0 2.00012e-05 0 0.000100006 0.000380023 0.00186011 0.00574034 0.0103606 0.0142209 0.0175011 0.0211413 0.0264816 0.0309819 0.0403624 0.050223 0.0566034 0.0586035 0.0557633 0.0533232 0.050583 0.0469628 0.0455227 0.0423625 0.0432826 0.0384823 0.0360822 0.0352821 0.0315019 0.0277417 0.0246215 0.0228214 0.0196812 0.016641 0.0139208 0.0124207 0.00892054 0.00816049 0.00684041 0.00548033 0.00398024 0.0033602 0.00266016 0.00220013 0.0016001 0.00120007 0.00128008 0.000800048 0.000460028 0.00050003 0.000180011 0.000300018 0.000200012 0.000100006 6.00036e-05 8.00048e-05 4.00024e-05 0 2.00012e-05 0 0 0 0 0 0 0 0 0 0 0 0 0 0 0 0 0 0 0 0 0 0 0 0 0 0 0 0 0 0 0 0 0 0 0 0 0 0 0 0 0

################
# TriBoson
################
PU_TriBoson_ZZZNoGstarJets_mc     = 4.44634e-06 0 1.3339e-05 5.78024e-05 8.44805e-05 0.000271227 0.00199196 0.00622043 0.0104267 0.0136769 0.0166693 0.020511 0.0256643 0.0327784 0.0408441 0.0508973 0.0555304 0.0574334 0.0557705 0.0533472 0.0504793 0.0482117 0.0456017 0.0434852 0.041929 0.0394346 0.0368868 0.033561 0.0310666 0.0279408 0.0254242 0.0217871 0.0195417 0.0166649 0.014255 0.0119562 0.00979529 0.00830132 0.00638495 0.00557127 0.00456195 0.00338811 0.00290346 0.00221872 0.00176075 0.00132056 0.000924839 0.000773663 0.000480205 0.000417956 0.000213424 0.000200085 0.000111159 0.000102266 5.78024e-05 3.55707e-05 2.22317e-05 2.6678e-05 4.44634e-06 4.44634e-06 0 0 0 0 0 0 0 0 0 0 0 0 0 0 0 0 0 0 0 0 0 0 0 0 0 0 0 0 0 0 0 0 0 0 0 0 0 0 0 0 
PU_TriBoson_WWWJets_mc     = 0 1.81366e-05 9.06828e-06 4.53414e-05 9.97511e-05 0.000244844 0.00209024 0.00608482 0.0103333 0.0141329 0.0163365 0.0203946 0.0257358 0.0326775 0.041306 0.0495763 0.0557472 0.0571075 0.0560374 0.0531945 0.0492544 0.0473183 0.0465475 0.044362 0.0415373 0.0390707 0.0368671 0.0344595 0.0311722 0.0290049 0.0253232 0.0219271 0.0194016 0.0166675 0.014074 0.0120517 0.00998418 0.00832468 0.00695084 0.00554525 0.00429836 0.00361371 0.00267514 0.00211744 0.00180005 0.00109726 0.000884157 0.00065745 0.000476085 0.000358197 0.000281117 0.000285651 0.000104285 0.000113353 8.16145e-05 5.44097e-05 3.62731e-05 1.36024e-05 3.1739e-05 4.53414e-06 0 0 0 0 0 0 0 0 0 0 0 0 0 0 0 0 0 0 0 0 0 0 0 0 0 0 0 0 0 0 0 0 0 0 0 0 0 0 0 0 
PU_TriBoson_WWZNoGstarJets_mc     = 4.49976e-06 0 1.7999e-05 4.49976e-05 8.99952e-05 0.000314983 0.0019799 0.00629517 0.0105969 0.0140258 0.0168246 0.0205279 0.0252572 0.0329788 0.0409343 0.0496684 0.0553291 0.056553 0.0569355 0.0530252 0.0494659 0.0485569 0.0452541 0.0429907 0.0415553 0.0395979 0.0368935 0.0336852 0.0312328 0.028164 0.0256261 0.0223953 0.019187 0.0168021 0.0143272 0.0123113 0.00999397 0.00830656 0.00701063 0.00609718 0.00440077 0.00361781 0.00269536 0.0019799 0.00166041 0.00134093 0.00100795 0.000638966 0.000494974 0.000400479 0.000332982 0.000206989 0.000112494 0.000121494 4.04979e-05 3.59981e-05 2.24988e-05 1.34993e-05 1.7999e-05 0 0 0 0 0 0 0 0 0 0 0 0 0 0 0 0 0 0 0 0 0 0 0 0 0 0 0 0 0 0 0 0 0 0 0 0 0 0 0 0 0 
PU_TriBoson_WZZNoGstarJets_mc     = 0 1.36466e-05 1.36466e-05 4.54887e-05 7.27819e-05 0.00024109 0.00214706 0.00637296 0.0105579 0.0141879 0.0169855 0.0202288 0.0258012 0.0325881 0.0414766 0.0493052 0.0549185 0.0570792 0.0570155 0.0534401 0.0504151 0.0475629 0.0458571 0.0433098 0.0407897 0.0395251 0.037005 0.0334933 0.0312871 0.0288717 0.0252462 0.0225032 0.0195192 0.0161621 0.0140742 0.0117543 0.0103396 0.00841085 0.00655492 0.00556326 0.00457161 0.00335251 0.00272932 0.00230173 0.00160575 0.00123274 0.000937066 0.000595901 0.000591353 0.000404849 0.00028203 0.000227443 0.000186504 8.18796e-05 5.00375e-05 3.63909e-05 2.72932e-05 2.72932e-05 2.27443e-05 0 0 0 0 0 0 0 0 0 0 0 0 0 0 0 0 0 0 0 0 0 0 0 0 0 0 0 0 0 0 0 0 0 0 0 0 0 0 0 0 0 
PU_TriBoson_WWGJets_mc     = 0 4.64855e-06 9.29709e-06 3.25398e-05 0.000130159 0.000292858 0.00179899 0.00628019 0.0106173 0.0141316 0.0170602 0.0207558 0.0256228 0.032484 0.04087 0.0497395 0.0553781 0.0572933 0.0553177 0.0527657 0.0499626 0.0472013 0.0457278 0.0434453 0.0418462 0.0393221 0.0374719 0.0344085 0.0311592 0.0281748 0.0248604 0.0222247 0.0194867 0.0163954 0.0148428 0.0125976 0.0101757 0.00800945 0.00706114 0.00571306 0.00450444 0.00357473 0.00281702 0.00208255 0.00152472 0.00134808 0.00083209 0.000794901 0.000553177 0.000367235 0.000292858 0.000213833 0.000153402 6.50797e-05 7.90253e-05 6.04311e-05 3.25398e-05 2.78913e-05 4.64855e-06 0 0 0 0 0 0 0 0 0 0 0 0 0 0 0 0 0 0 0 0 0 0 0 0 0 0 0 0 0 0 0 0 0 0 0 0 0 0 0 0 0 

################
# TTV
################
PU_TTV_TTZJets_mc     = 4.75828e-06 0 1.42748e-05 5.23411e-05 0.000118957 0.000256947 0.00199372 0.00627617 0.0102969 0.0135421 0.0166778 0.0209745 0.0255282 0.0325324 0.0412305 0.0504425 0.0553673 0.0570756 0.056043 0.0535973 0.0504758 0.0474638 0.0453179 0.044271 0.0412162 0.0391939 0.0365341 0.0339027 0.0310811 0.0284307 0.0248858 0.0224971 0.0194614 0.0169918 0.0144366 0.0117577 0.0106633 0.00844595 0.00668538 0.00545299 0.00413494 0.00363057 0.0027027 0.00200324 0.00156547 0.00124667 0.000908831 0.0007185 0.00055196 0.000352113 0.000318805 0.000218881 0.000128474 0.000142748 3.80662e-05 6.18576e-05 3.3308e-05 1.42748e-05 3.3308e-05 4.75828e-06 0 0 0 0 0 0 0 0 0 0 0 0 0 0 0 0 0 0 0 0 0 0 0 0 0 0 0 0 0 0 0 0 0 0 0 0 0 0 0 0 
PU_TTV_TTWJets_mc     = 0 0 1.02017e-05 3.57059e-05 0.00012242 0.000280546 0.00222397 0.00611081 0.0107169 0.0138182 0.0166185 0.0203422 0.0255705 0.0323904 0.0408935 0.0495904 0.0561807 0.0575783 0.0557828 0.052503 0.0505035 0.0486927 0.0457903 0.0428981 0.0417963 0.0389398 0.0362772 0.0339716 0.0311662 0.0284015 0.0248207 0.022056 0.019475 0.0171643 0.01467 0.0123032 0.0101966 0.0084368 0.00684533 0.00571805 0.00449384 0.00341246 0.00272895 0.00209135 0.00165267 0.0011987 0.000892648 0.000719219 0.000464177 0.000397866 0.000295849 0.00023974 0.000168328 0.000117319 7.14118e-05 5.10084e-05 4.08067e-05 3.57059e-05 2.55042e-05 1.02017e-05 0 0 0 0 0 0 0 0 0 0 0 0 0 0 0 0 0 0 0 0 0 0 0 0 0 0 0 0 0 0 0 0 0 0 0 0 0 0 0 0 
PU_TTV_TTGJets_mc     = 0 1.39669e-05 1.39669e-05 1.39669e-05 8.38012e-05 0.000265371 0.0020252 0.00622922 0.0105031 0.0134082 0.0163831 0.0202101 0.0270259 0.032026 0.0411324 0.0494288 0.0572642 0.0563284 0.0563982 0.0526411 0.0494986 0.0475991 0.044261 0.0448197 0.0411045 0.0386743 0.0375848 0.0346099 0.0309506 0.0280594 0.0259225 0.0218163 0.0196235 0.0170396 0.0141764 0.0123746 0.00966507 0.00851979 0.0069555 0.00565658 0.0043856 0.00400849 0.00280734 0.002109 0.00164809 0.00104752 0.000865946 0.00093578 0.000628509 0.000377106 0.000363139 0.000167602 8.38012e-05 5.58675e-05 8.38012e-05 4.19006e-05 4.19006e-05 2.79337e-05 0 1.39669e-05 0 0 0 0 0 0 0 0 0 0 0 0 0 0 0 0 0 0 0 0 0 0 0 0 0 0 0 0 0 0 0 0 0 0 0 0 0 0 0 0 
PU_TTV_TTWWJets_mc     = 0 0 2.29547e-05 7.80461e-05 8.2637e-05 0.000298412 0.00211643 0.00630796 0.0105913 0.013906 0.016812 0.0209485 0.0253971 0.033087 0.0403774 0.0498944 0.0554403 0.057722 0.0563906 0.0536544 0.0494124 0.047273 0.0457029 0.0442613 0.0415159 0.0391516 0.036925 0.0334772 0.0319576 0.0278579 0.0242035 0.021986 0.0190249 0.0173997 0.0143238 0.0120421 0.0101322 0.00842898 0.00692315 0.00559636 0.00459554 0.00333762 0.0027867 0.00218529 0.00171242 0.00138187 0.000918189 0.000633551 0.000449913 0.000399412 0.000284639 0.000202002 0.00014691 6.88642e-05 6.42733e-05 5.50914e-05 3.21366e-05 1.37728e-05 4.59095e-06 4.59095e-06 0 0 0 0 0 0 0 0 0 0 0 0 0 0 0 0 0 0 0 0 0 0 0 0 0 0 0 0 0 0 0 0 0 0 0 0 0 0 0 0 
PU_TTV_TBZToLL_mc     = 1.34677e-05 6.73383e-06 2.69353e-05 4.0403e-05 0.000134677 0.000282821 0.00203362 0.006451 0.0101815 0.0134542 0.0163767 0.0207469 0.0260599 0.0334738 0.0398373 0.0493657 0.0566045 0.0564295 0.0559379 0.0532646 0.0505576 0.0479448 0.0458574 0.0435611 0.0418171 0.0396892 0.0365445 0.0338913 0.0318106 0.0278107 0.0260262 0.0220263 0.0189355 0.0171039 0.0143902 0.0117438 0.010296 0.00812773 0.00653181 0.00554867 0.00455207 0.00335345 0.00284841 0.00195954 0.00160938 0.00147471 0.000888865 0.000653181 0.000478102 0.00031649 0.000289555 0.000208749 0.000121209 0.000127943 7.40721e-05 2.69353e-05 2.69353e-05 1.34677e-05 2.02015e-05 2.02015e-05 0 0 0 0 0 0 0 0 0 0 0 0 0 0 0 0 0 0 0 0 0 0 0 0 0 0 0 0 0 0 0 0 0 0 0 0 0 0 0 0 

################
# QCD
################
PU_QCD_HTbinned-100To250_mc     = 2.49354e-06 5.02698e-06 1.42631e-05 4.76566e-05 0.000100839 0.00027028 0.00199415 0.00610507 0.0104627 0.0138357 0.0168587 0.0205692 0.0257583 0.0326082 0.0411895 0.0497358 0.0554303 0.057261 0.0560501 0.0531283 0.0500438 0.0476119 0.0455521 0.0436383 0.0416179 0.0393411 0.0368294 0.0340722 0.0311593 0.0281799 0.0251785 0.0222331 0.0194316 0.0167943 0.0143872 0.0121454 0.0101589 0.00840489 0.00688654 0.00557159 0.00445324 0.00353339 0.00277368 0.00215761 0.00165072 0.00126269 0.000952174 0.000708225 0.000524043 0.000387975 0.000280972 0.000202775 0.000145423 0.000101557 7.23925e-05 5.019e-05 3.36528e-05 2.35989e-05 1.51807e-05 4.8275e-06 0 0 0 0 0 0 0 0 0 0 0 0 0 0 0 0 0 0 0 0 0 0 0 0 0 0 0 0 0 0 0 0 0 0 0 0 0 0 0 0 
PU_QCD_HTbinned-250To500_mc     = 2.51274e-06 5.72757e-06 1.44483e-05 4.71139e-05 0.000100657 0.000267681 0.00201389 0.00611705 0.010484 0.0138152 0.0168669 0.0205059 0.0256802 0.0326201 0.0412172 0.0497538 0.0553915 0.0572723 0.0561497 0.0530853 0.0500273 0.0476894 0.0455441 0.0436017 0.0415911 0.0393108 0.0367783 0.0340346 0.0312146 0.0282031 0.0252068 0.0222398 0.0194544 0.0168444 0.0143833 0.0121496 0.0101645 0.0084107 0.00685801 0.00554566 0.00445871 0.00350949 0.00277699 0.00217127 0.00165442 0.0012757 0.000949927 0.000712325 0.000520692 0.00037983 0.000278914 0.000207375 0.00014075 0.000101544 7.22044e-05 4.79268e-05 3.43654e-05 2.34646e-05 1.56677e-05 5.13634e-06 0 0 0 0 0 0 0 0 0 0 0 0 0 0 0 0 0 0 0 0 0 0 0 0 0 0 0 0 0 0 0 0 0 0 0 0 0 0 0 0 
PU_QCD_HTbinned-500To1000_mc     = 2.48372e-06 4.67331e-06 1.40199e-05 5.05894e-05 0.0001018 0.000269843 0.00199936 0.00610419 0.0104607 0.0138282 0.0168595 0.0205295 0.0257101 0.0326121 0.0411838 0.0497308 0.0553989 0.0572128 0.0560372 0.0531369 0.0501524 0.0476095 0.0455742 0.0435725 0.041544 0.0393023 0.0368339 0.0340588 0.0311965 0.0281953 0.0251865 0.0222747 0.0194893 0.0168455 0.0143801 0.012148 0.0101797 0.00840621 0.00686532 0.00558461 0.00446994 0.00353044 0.0027715 0.0021494 0.00165422 0.00126124 0.000950545 0.000716912 0.000531744 0.000385891 0.000280497 0.00020141 0.000145396 0.000103793 7.28775e-05 4.92495e-05 3.46086e-05 2.38241e-05 1.46409e-05 4.96744e-06 0 0 0 0 0 0 0 0 0 0 0 0 0 0 0 0 0 0 0 0 0 0 0 0 0 0 0 0 0 0 0 0 0 0 0 0 0 0 0 0 
PU_QCD_HTbinned-1000ToInf_mc     = 2.45596e-06 4.33405e-06 1.51692e-05 4.87581e-05 0.000101995 0.000265533 0.00199858 0.00609721 0.0104854 0.0138337 0.0168155 0.0205039 0.0257443 0.0326249 0.0411463 0.0497407 0.0553333 0.0572694 0.0560755 0.0531275 0.0501755 0.0477036 0.0456017 0.0436413 0.0415164 0.0393792 0.0368537 0.0341055 0.0310806 0.0281931 0.0251907 0.0222678 0.0194412 0.0168368 0.0143734 0.0121377 0.0101277 0.00838003 0.00683928 0.00554383 0.00448278 0.00353572 0.00277943 0.00214304 0.00164629 0.00125825 0.000959992 0.000728337 0.000525287 0.000388331 0.000284025 0.000202906 0.000145335 9.97554e-05 7.07895e-05 5.00583e-05 3.22164e-05 2.31872e-05 1.55303e-05 4.98416e-06 0 0 0 0 0 0 0 0 0 0 0 0 0 0 0 0 0 0 0 0 0 0 0 0 0 0 0 0 0 0 0 0 0 0 0 0 0 0 0 0 
PU_QCD_MuEnriched_mc     = 2.2807e-06 5.35267e-06 1.3498e-05 4.96635e-05 0.000100816 0.000269682 0.00199292 0.00611969 0.0104689 0.0138124 0.0168275 0.0204498 0.0256714 0.0325966 0.0412233 0.0497835 0.0553654 0.057254 0.0560307 0.0531928 0.0500516 0.0475848 0.0456343 0.043621 0.0415622 0.0393648 0.0368599 0.0340499 0.0310959 0.0282206 0.0252302 0.0222541 0.0194627 0.016897 0.0143641 0.0121437 0.010147 0.00839499 0.00686082 0.00555337 0.00448233 0.00354016 0.00277292 0.0021784 0.00166314 0.00126202 0.000960316 0.000715908 0.000525958 0.000382832 0.000282435 0.000202889 0.000140845 0.000104726 7.30756e-05 5.00824e-05 3.44433e-05 2.20623e-05 1.66631e-05 5.77158e-06 0 0 0 0 0 0 0 0 0 0 0 0 0 0 0 0 0 0 0 0 0 0 0 0 0 0 0 0 0 0 0 0 0 0 0 0 0 0 0 0 
PU_QCD_EMEnriched-20To30_mc     = 2.56844e-06 4.65173e-06 1.44404e-05 5.07981e-05 9.95699e-05 0.000269743 0.00199671 0.0060904 0.0104794 0.0138286 0.0168559 0.0205045 0.0257349 0.0326287 0.0412195 0.0497548 0.0553749 0.0572882 0.056025 0.0530799 0.0500389 0.0476708 0.0455741 0.0436499 0.0415758 0.0393674 0.0368621 0.0340602 0.0311526 0.0282077 0.0252105 0.0222536 0.0194256 0.016819 0.0143909 0.0121564 0.0101703 0.0083935 0.00686456 0.00553516 0.00446384 0.00352182 0.00276681 0.00214371 0.00165331 0.0012619 0.00096288 0.000703439 0.000528214 0.000389319 0.000280931 0.000199083 0.000144889 0.000100512 7.08319e-05 4.94853e-05 3.29331e-05 2.17461e-05 1.6067e-05 5.96449e-06 0 0 0 0 0 0 0 0 0 0 0 0 0 0 0 0 0 0 0 0 0 0 0 0 0 0 0 0 0 0 0 0 0 0 0 0 0 0 0 0 
PU_QCD_EMEnriched-30To80_mc     = 2.61825e-06 5.41916e-06 1.45221e-05 5.32174e-05 0.00010202 0.000272054 0.00199733 0.00609385 0.0104658 0.0138079 0.0168496 0.0205564 0.0257436 0.0326507 0.0412309 0.0498232 0.0552798 0.0572218 0.0559744 0.0531059 0.0500929 0.0476709 0.0456013 0.0436588 0.041596 0.0393085 0.0367973 0.0340449 0.0311746 0.028234 0.025181 0.0222275 0.0194588 0.0168561 0.0143604 0.0121499 0.0101506 0.00840753 0.00686852 0.00556335 0.00445571 0.00355683 0.00276064 0.0021599 0.00166119 0.00126553 0.000942356 0.000710915 0.000524867 0.000383878 0.000278722 0.000200144 0.000143577 0.000103543 7.07536e-05 5.05687e-05 3.33979e-05 2.26813e-05 1.57704e-05 5.02338e-06 0 0 0 0 0 0 0 0 0 0 0 0 0 0 0 0 0 0 0 0 0 0 0 0 0 0 0 0 0 0 0 0 0 0 0 0 0 0 0 0 
PU_QCD_EMEnriched-80To170_mc     = 2.98181e-06 5.03723e-06 1.40116e-05 5.14435e-05 9.90656e-05 0.000268624 0.00199657 0.00609919 0.0104533 0.0138197 0.0168561 0.0205174 0.0256934 0.0326548 0.0412542 0.0498011 0.0553823 0.0572954 0.0560319 0.0531405 0.0500829 0.0476883 0.0455638 0.0436514 0.0415558 0.0393921 0.0367989 0.033963 0.0311551 0.0281567 0.0251786 0.0222543 0.0194496 0.0168036 0.0144236 0.0121493 0.0101449 0.00836774 0.00687716 0.00557283 0.00447966 0.00352236 0.00276501 0.0021606 0.00165213 0.00125598 0.00094949 0.000718182 0.000522193 0.000387838 0.000279103 0.000197089 0.000142722 0.000101526 7.08108e-05 4.87801e-05 3.59265e-05 2.37676e-05 1.51986e-05 4.80564e-06 0 0 0 0 0 0 0 0 0 0 0 0 0 0 0 0 0 0 0 0 0 0 0 0 0 0 0 0 0 0 0 0 0 0 0 0 0 0 0 0 
PU_QCD_EMEnriched-170To250_mc     = 2.80783e-06 5.39482e-06 1.64053e-05 5.08249e-05 9.92521e-05 0.000270151 0.00198681 0.0060788 0.0104511 0.0138469 0.0168492 0.0205534 0.0257175 0.0326132 0.0411498 0.0497964 0.0553714 0.0572593 0.056036 0.0531603 0.0500769 0.0476394 0.0456054 0.0435982 0.0415694 0.0393254 0.036868 0.0340712 0.0311467 0.0281843 0.0252289 0.0222938 0.0194636 0.0168059 0.0143548 0.0121506 0.0101647 0.00841195 0.00685956 0.00556257 0.00445836 0.00352055 0.00276044 0.00215203 0.00165302 0.00125538 0.000956492 0.000716754 0.000522446 0.0003836 0.000279742 0.000201217 0.000142221 0.000100987 7.1016e-05 4.78593e-05 3.4041e-05 2.38823e-05 1.8456e-05 5.26863e-06 0 0 0 0 0 0 0 0 0 0 0 0 0 0 0 0 0 0 0 0 0 0 0 0 0 0 0 0 0 0 0 0 0 0 0 0 0 0 0 0 
PU_QCD_EMEnriched-250To350_mc     = 2.54252e-06 4.94058e-06 1.35505e-05 5.11971e-05 9.97939e-05 0.000269305 0.00199822 0.00606966 0.0104378 0.0138292 0.0168629 0.0206056 0.0257209 0.0326409 0.0412394 0.049798 0.0553923 0.0572548 0.0560045 0.053165 0.0500475 0.04765 0.0455478 0.0436737 0.0416008 0.0393127 0.0367943 0.0340317 0.0311984 0.0281572 0.0251507 0.0222167 0.0194443 0.0168254 0.0143862 0.0121704 0.0101469 0.00841083 0.00687685 0.00556376 0.0044744 0.00352367 0.00277034 0.00214167 0.00165541 0.00126493 0.000952867 0.000710259 0.000529682 0.000386694 0.000277915 0.000201841 0.000141688 0.000102134 7.11328e-05 4.99548e-05 3.49019e-05 2.40962e-05 1.54285e-05 4.16049e-06 0 0 0 0 0 0 0 0 0 0 0 0 0 0 0 0 0 0 0 0 0 0 0 0 0 0 0 0 0 0 0 0 0 0 0 0 0 0 0 0 
PU_QCD_EMEnriched-350ToInf_mc     = 2.62684e-06 4.95854e-06 1.40197e-05 5.02347e-05 0.000101975 0.000272513 0.00198518 0.00611564 0.0104525 0.0138258 0.0168643 0.020522 0.0257594 0.0326245 0.0411954 0.0497732 0.0553568 0.0572687 0.0561258 0.0531073 0.0501548 0.0476887 0.0455458 0.0436184 0.0415302 0.0393376 0.0368013 0.0340671 0.0311704 0.0281432 0.0251874 0.022276 0.0194618 0.0167998 0.0143585 0.0121523 0.0101617 0.00838736 0.00685824 0.00553706 0.00445023 0.00352387 0.00277902 0.0021623 0.00164629 0.00126599 0.000947936 0.000710517 0.000535787 0.000379446 0.000286296 0.000204982 0.000144949 0.000100705 7.16626e-05 5.01166e-05 3.54771e-05 2.3435e-05 1.57611e-05 4.66338e-06 0 0 0 0 0 0 0 0 0 0 0 0 0 0 0 0 0 0 0 0 0 0 0 0 0 0 0 0 0 0 0 0 0 0 0 0 0 0 0 0 

################
# Signals
################
PU_T2ttPoints_Stop400-LSP150_mc     = 7.9333e-06 7.9333e-06 1.58666e-05 3.96665e-05 0.000103133 0.000222132 0.00195159 0.00591824 0.01071 0.0142403 0.0167313 0.0207138 0.0251168 0.0331056 0.0410469 0.0499401 0.0552871 0.0577941 0.0565723 0.053288 0.0499718 0.0470127 0.0450929 0.0442916 0.0420544 0.039365 0.0364376 0.0338276 0.031638 0.0285916 0.0249026 0.0214199 0.0194762 0.0164616 0.0147083 0.0121617 0.0100277 0.00877423 0.00668777 0.00533911 0.00441091 0.00324472 0.00271319 0.00218166 0.00159459 0.00130106 0.000896463 0.000729863 0.000634664 0.000341132 0.000293532 0.000206266 0.000142799 8.72663e-05 4.75998e-05 3.96665e-05 2.37999e-05 3.17332e-05 1.58666e-05 7.9333e-06 0 0 0 0 0 0 0 0 0 0 0 0 0 0 0 0 0 0 0 0 0 0 0 0 0 0 0 0 0 0 0 0 0 0 0 0 0 0 0 0 
PU_T2ttPoints_Stop500-LSP300_mc     = 8.16907e-06 0 1.63381e-05 4.08453e-05 0.000122536 0.000277748 0.00221382 0.00597976 0.0110119 0.0136423 0.0173429 0.0202838 0.0252342 0.0329785 0.0422096 0.0494719 0.0545939 0.0572652 0.0555497 0.0534502 0.0501744 0.0478952 0.0462778 0.0445868 0.0410414 0.0395056 0.0366464 0.0342937 0.0302337 0.0280934 0.0250872 0.0220728 0.0193117 0.0177514 0.0141325 0.011935 0.0101868 0.00812005 0.00646173 0.00530172 0.00435411 0.00348819 0.00297354 0.00231185 0.00148677 0.0012417 0.000931274 0.000653525 0.00044113 0.000367608 0.000310425 0.000179719 0.000163381 9.80288e-05 7.35216e-05 4.90144e-05 4.08453e-05 8.16907e-06 1.63381e-05 8.16907e-06 0 0 0 0 0 0 0 0 0 0 0 0 0 0 0 0 0 0 0 0 0 0 0 0 0 0 0 0 0 0 0 0 0 0 0 0 0 0 0 0 
PU_T2ttPoints_Stop600-LSP50_mc     = 0 8.29394e-06 8.29394e-06 3.31757e-05 0.000116115 0.0002737 0.00194908 0.00583064 0.0107324 0.0140416 0.0166708 0.0212657 0.0260844 0.0321058 0.0411048 0.0490172 0.0547815 0.057535 0.0558348 0.0540184 0.0495977 0.0476321 0.046446 0.0439579 0.0425645 0.0387244 0.036908 0.0331675 0.0302231 0.02771 0.0256614 0.0222278 0.0193581 0.0179398 0.0142407 0.0115203 0.0098449 0.00825247 0.00733184 0.0056067 0.00450361 0.00345857 0.00301899 0.00223936 0.00176661 0.00121921 0.000862569 0.000796218 0.000514224 0.000389815 0.00023223 0.000190761 0.000240524 6.63515e-05 8.29394e-05 2.48818e-05 4.14697e-05 1.65879e-05 8.29394e-06 0 0 0 0 0 0 0 0 0 0 0 0 0 0 0 0 0 0 0 0 0 0 0 0 0 0 0 0 0 0 0 0 0 0 0 0 0 0 0 0 0 
PU_T2ttPoints_Stop750-LSP25_mc     = 0 0 1.69015e-05 4.22536e-05 0.000101409 0.000295775 0.00180846 0.00575495 0.0108592 0.0141634 0.0173409 0.0201296 0.0256311 0.03191 0.0403438 0.0505016 0.0547354 0.0574396 0.0559438 0.0535354 0.0505185 0.0477382 0.0456593 0.0426508 0.0417381 0.0387719 0.0368705 0.0343776 0.0311494 0.0284452 0.0261466 0.0221325 0.0190141 0.0175606 0.0147381 0.0120761 0.0105043 0.00847608 0.00659157 0.00496903 0.00446198 0.0034817 0.00292395 0.00214649 0.00177465 0.0012169 0.00092958 0.000709861 0.000498593 0.00034648 0.000278874 0.000177465 0.000135212 1.69015e-05 1.69015e-05 0.000109859 4.22536e-05 2.53522e-05 8.45073e-06 1.69015e-05 0 0 0 0 0 0 0 0 0 0 0 0 0 0 0 0 0 0 0 0 0 0 0 0 0 0 0 0 0 0 0 0 0 0 0 0 0 0 0 0 


################
# T2tb
################
PU_T2tb_mStop100To375mLSP1To275_mc     = 2.50826e-06 4.29988e-06 1.30788e-05 4.89111e-05 0.000104899 0.000268832 0.00200876 0.00605951 0.010468 0.0138436 0.0168619 0.0205266 0.0257368 0.0326573 0.0412125 0.0497101 0.0553369 0.0574444 0.0560746 0.0530703 0.0500556 0.0476051 0.0455634 0.0436336 0.0416136 0.0393558 0.0367279 0.0341031 0.0312128 0.0281989 0.0252048 0.0222166 0.0194881 0.0167478 0.0143308 0.0121436 0.0101436 0.00840286 0.0068756 0.00557345 0.00445718 0.00355251 0.00277459 0.00214062 0.00165931 0.00125135 0.00095529 0.000712884 0.0005193 0.000392274 0.000281642 0.000204961 0.000144763 0.000100151 7.0948e-05 5.41964e-05 3.31449e-05 2.40077e-05 1.40642e-05 6.09149e-06 0 0 0 0 0 0 0 0 0 0 0 0 0 0 0 0 0 0 0 0 0 0 0 0 0 0 0 0 0 0 0 0 0 0 0 0 0 0 0 0 
PU_T2tb_mStop400To475mLSP1To375_mc     = 2.46999e-06 5.21441e-06 1.68782e-05 5.22814e-05 0.000103465 0.000268542 0.00199506 0.0061161 0.010483 0.0137886 0.0167575 0.0205261 0.0257942 0.0325761 0.041347 0.0497602 0.055247 0.0572802 0.0560164 0.0530889 0.050213 0.047657 0.0454214 0.0436854 0.0415968 0.0392536 0.0367424 0.0339821 0.0312629 0.0282669 0.0251804 0.0223176 0.0195132 0.0168792 0.0144093 0.0121711 0.010151 0.0083974 0.006894 0.00554416 0.00443019 0.0035399 0.00270011 0.0021799 0.00165585 0.00128618 0.000933929 0.000687342 0.000519109 0.000385043 0.000270052 0.000200755 0.000142299 0.000101956 7.28646e-05 5.10464e-05 3.29331e-05 2.52487e-05 1.64666e-05 4.93997e-06 0 0 0 0 0 0 0 0 0 0 0 0 0 0 0 0 0 0 0 0 0 0 0 0 0 0 0 0 0 0 0 0 0 0 0 0 0 0 0 0 
PU_T2tb_mStop500To575mLSP1To475_mc     = 1.99782e-06 4.99456e-06 1.39848e-05 5.08335e-05 0.000105108 0.000257608 0.00197729 0.00608193 0.0104443 0.0139071 0.0168604 0.0205552 0.0257667 0.0326628 0.0411082 0.0497928 0.0554283 0.0572275 0.0559855 0.053185 0.0499785 0.0476061 0.0456065 0.0435787 0.0415626 0.0393694 0.0368886 0.0340651 0.0310739 0.0282286 0.0252402 0.022283 0.0194759 0.0168283 0.0143588 0.0121882 0.0101686 0.00839541 0.00686075 0.00552443 0.00445903 0.00355136 0.00276776 0.00214056 0.00162656 0.00125907 0.000946969 0.0007039 0.000527537 0.000400786 0.000275256 0.000200892 0.000141291 0.000105441 6.8814e-05 4.85027e-05 3.08553e-05 2.46398e-05 1.62046e-05 5.54951e-06 0 0 0 0 0 0 0 0 0 0 0 0 0 0 0 0 0 0 0 0 0 0 0 0 0 0 0 0 0 0 0 0 0 0 0 0 0 0 0 0 
PU_T2tb_mStop600To675mLSP1To575_mc     = 1.85499e-06 5.28673e-06 1.37269e-05 4.7766e-05 9.9984e-05 0.000265635 0.00198085 0.00605404 0.0105086 0.0138452 0.0168274 0.020626 0.0256035 0.0325621 0.0412151 0.0497181 0.0553773 0.0573293 0.0561316 0.0531143 0.0500931 0.0475736 0.0455621 0.043708 0.0416348 0.0393683 0.0367221 0.0340844 0.0311366 0.0281685 0.0252111 0.0222689 0.0193879 0.0167735 0.0143727 0.0121419 0.0101724 0.0084442 0.00689491 0.00559883 0.00445829 0.00354498 0.00279519 0.00214576 0.0016668 0.0012562 0.000944562 0.000717603 0.000520232 0.000389363 0.00027797 0.0002034 0.000140237 0.000101932 6.90984e-05 4.75805e-05 3.30188e-05 2.23526e-05 1.43762e-05 5.37948e-06 0 0 0 0 0 0 0 0 0 0 0 0 0 0 0 0 0 0 0 0 0 0 0 0 0 0 0 0 0 0 0 0 0 0 0 0 0 0 0 0 
PU_T2tb_mStop700To750mLSP1To650_mc     = 2.80572e-06 4.20858e-06 1.48919e-05 5.34165e-05 9.91713e-05 0.000264709 0.00200695 0.00606488 0.0104443 0.013806 0.0168055 0.020496 0.0257285 0.0326497 0.0412199 0.0497978 0.0554897 0.0571008 0.055982 0.0531518 0.0500649 0.0476809 0.0456282 0.0435705 0.041591 0.0394187 0.0368142 0.0340844 0.031153 0.028142 0.0252007 0.0222807 0.0194379 0.0168785 0.0143687 0.0121725 0.0101687 0.00834733 0.00689958 0.00553622 0.00446055 0.00354211 0.0027687 0.00216019 0.00166886 0.0012507 0.000969267 0.000709199 0.00053395 0.000380067 0.000282946 0.000203091 0.000146221 9.78764e-05 7.42436e-05 5.10425e-05 3.57189e-05 2.29853e-05 1.48919e-05 5.61143e-06 0 0 0 0 0 0 0 0 0 0 0 0 0 0 0 0 0 0 0 0 0 0 0 0 0 0 0 0 0 0 0 0 0 0 0 0 0 0 0 0 
PU_T2tb_mStop775To800mLSP1To700_mc     = 1.62956e-06 5.77751e-06 1.52586e-05 5.11088e-05 9.88103e-05 0.000260729 0.00201043 0.0061212 0.0105109 0.0138577 0.0168226 0.0206176 0.0256908 0.032595 0.041116 0.0498453 0.055337 0.0571603 0.0561091 0.0530134 0.0499829 0.0475762 0.0456098 0.0436313 0.0415849 0.0393354 0.0367017 0.0342094 0.031283 0.0282014 0.0251935 0.0222108 0.0195198 0.0168406 0.0142709 0.0122049 0.0101432 0.00840702 0.00694042 0.00555204 0.00447165 0.00350028 0.0028095 0.00214672 0.00166052 0.0012669 0.000954327 0.000694042 0.000524865 0.000388723 0.000292135 0.000199102 0.000144734 0.000103106 7.18486e-05 5.54049e-05 3.06653e-05 2.54803e-05 1.52586e-05 4.59238e-06 0 0 0 0 0 0 0 0 0 0 0 0 0 0 0 0 0 0 0 0 0 0 0 0 0 0 0 0 0 0 0 0 0 0 0 0 0 0 0 0 


################
# T2tb Points
################
PU_T2tbPoints_mStop175-mLSP50_mc     = 2.50826e-06 4.29988e-06 1.30788e-05 4.89111e-05 0.000104899 0.000268832 0.00200876 0.00605951 0.010468 0.0138436 0.0168619 0.0205266 0.0257368 0.0326573 0.0412125 0.0497101 0.0553369 0.0574444 0.0560746 0.0530703 0.0500556 0.0476051 0.0455634 0.0436336 0.0416136 0.0393558 0.0367279 0.0341031 0.0312128 0.0281989 0.0252048 0.0222166 0.0194881 0.0167478 0.0143308 0.0121436 0.0101436 0.00840286 0.0068756 0.00557345 0.00445718 0.00355251 0.00277459 0.00214062 0.00165931 0.00125135 0.00095529 0.000712884 0.0005193 0.000392274 0.000281642 0.000204961 0.000144763 0.000100151 7.0948e-05 5.41964e-05 3.31449e-05 2.40077e-05 1.40642e-05 6.09149e-06 0 0 0 0 0 0 0 0 0 0 0 0 0 0 0 0 0 0 0 0 0 0 0 0 0 0 0 0 0 0 0 0 0 0 0 0 0 0 0 0 
PU_T2tbPoints_mStop200-mLSP25_mc     = 2.50826e-06 4.29988e-06 1.30788e-05 4.89111e-05 0.000104899 0.000268832 0.00200876 0.00605951 0.010468 0.0138436 0.0168619 0.0205266 0.0257368 0.0326573 0.0412125 0.0497101 0.0553369 0.0574444 0.0560746 0.0530703 0.0500556 0.0476051 0.0455634 0.0436336 0.0416136 0.0393558 0.0367279 0.0341031 0.0312128 0.0281989 0.0252048 0.0222166 0.0194881 0.0167478 0.0143308 0.0121436 0.0101436 0.00840286 0.0068756 0.00557345 0.00445718 0.00355251 0.00277459 0.00214062 0.00165931 0.00125135 0.00095529 0.000712884 0.0005193 0.000392274 0.000281642 0.000204961 0.000144763 0.000100151 7.0948e-05 5.41964e-05 3.31449e-05 2.40077e-05 1.40642e-05 6.09149e-06 0 0 0 0 0 0 0 0 0 0 0 0 0 0 0 0 0 0 0 0 0 0 0 0 0 0 0 0 0 0 0 0 0 0 0 0 0 0 0 0 
PU_T2tbPoints_mStop375-mLSP50_mc     = 2.50826e-06 4.29988e-06 1.30788e-05 4.89111e-05 0.000104899 0.000268832 0.00200876 0.00605951 0.010468 0.0138436 0.0168619 0.0205266 0.0257368 0.0326573 0.0412125 0.0497101 0.0553369 0.0574444 0.0560746 0.0530703 0.0500556 0.0476051 0.0455634 0.0436336 0.0416136 0.0393558 0.0367279 0.0341031 0.0312128 0.0281989 0.0252048 0.0222166 0.0194881 0.0167478 0.0143308 0.0121436 0.0101436 0.00840286 0.0068756 0.00557345 0.00445718 0.00355251 0.00277459 0.00214062 0.00165931 0.00125135 0.00095529 0.000712884 0.0005193 0.000392274 0.000281642 0.000204961 0.000144763 0.000100151 7.0948e-05 5.41964e-05 3.31449e-05 2.40077e-05 1.40642e-05 6.09149e-06 0 0 0 0 0 0 0 0 0 0 0 0 0 0 0 0 0 0 0 0 0 0 0 0 0 0 0 0 0 0 0 0 0 0 0 0 0 0 0 0 
PU_T2tbPoints_mStop250-mLSP25_mc     = 2.50826e-06 4.29988e-06 1.30788e-05 4.89111e-05 0.000104899 0.000268832 0.00200876 0.00605951 0.010468 0.0138436 0.0168619 0.0205266 0.0257368 0.0326573 0.0412125 0.0497101 0.0553369 0.0574444 0.0560746 0.0530703 0.0500556 0.0476051 0.0455634 0.0436336 0.0416136 0.0393558 0.0367279 0.0341031 0.0312128 0.0281989 0.0252048 0.0222166 0.0194881 0.0167478 0.0143308 0.0121436 0.0101436 0.00840286 0.0068756 0.00557345 0.00445718 0.00355251 0.00277459 0.00214062 0.00165931 0.00125135 0.00095529 0.000712884 0.0005193 0.000392274 0.000281642 0.000204961 0.000144763 0.000100151 7.0948e-05 5.41964e-05 3.31449e-05 2.40077e-05 1.40642e-05 6.09149e-06 0 0 0 0 0 0 0 0 0 0 0 0 0 0 0 0 0 0 0 0 0 0 0 0 0 0 0 0 0 0 0 0 0 0 0 0 0 0 0 0 
PU_T2tbPoints_mStop325-mLSP100_mc     = 2.50826e-06 4.29988e-06 1.30788e-05 4.89111e-05 0.000104899 0.000268832 0.00200876 0.00605951 0.010468 0.0138436 0.0168619 0.0205266 0.0257368 0.0326573 0.0412125 0.0497101 0.0553369 0.0574444 0.0560746 0.0530703 0.0500556 0.0476051 0.0455634 0.0436336 0.0416136 0.0393558 0.0367279 0.0341031 0.0312128 0.0281989 0.0252048 0.0222166 0.0194881 0.0167478 0.0143308 0.0121436 0.0101436 0.00840286 0.0068756 0.00557345 0.00445718 0.00355251 0.00277459 0.00214062 0.00165931 0.00125135 0.00095529 0.000712884 0.0005193 0.000392274 0.000281642 0.000204961 0.000144763 0.000100151 7.0948e-05 5.41964e-05 3.31449e-05 2.40077e-05 1.40642e-05 6.09149e-06 0 0 0 0 0 0 0 0 0 0 0 0 0 0 0 0 0 0 0 0 0 0 0 0 0 0 0 0 0 0 0 0 0 0 0 0 0 0 0 0 
PU_T2tbPoints_mStop450-mLSP150_mc     = 2.46999e-06 5.21441e-06 1.68782e-05 5.22814e-05 0.000103465 0.000268542 0.00199506 0.0061161 0.010483 0.0137886 0.0167575 0.0205261 0.0257942 0.0325761 0.041347 0.0497602 0.055247 0.0572802 0.0560164 0.0530889 0.050213 0.047657 0.0454214 0.0436854 0.0415968 0.0392536 0.0367424 0.0339821 0.0312629 0.0282669 0.0251804 0.0223176 0.0195132 0.0168792 0.0144093 0.0121711 0.010151 0.0083974 0.006894 0.00554416 0.00443019 0.0035399 0.00270011 0.0021799 0.00165585 0.00128618 0.000933929 0.000687342 0.000519109 0.000385043 0.000270052 0.000200755 0.000142299 0.000101956 7.28646e-05 5.10464e-05 3.29331e-05 2.52487e-05 1.64666e-05 4.93997e-06 0 0 0 0 0 0 0 0 0 0 0 0 0 0 0 0 0 0 0 0 0 0 0 0 0 0 0 0 0 0 0 0 0 0 0 0 0 0 0 0 
PU_T2tbPoints_mStop550-mLSP1_mc     = 1.99782e-06 4.99456e-06 1.39848e-05 5.08335e-05 0.000105108 0.000257608 0.00197729 0.00608193 0.0104443 0.0139071 0.0168604 0.0205552 0.0257667 0.0326628 0.0411082 0.0497928 0.0554283 0.0572275 0.0559855 0.053185 0.0499785 0.0476061 0.0456065 0.0435787 0.0415626 0.0393694 0.0368886 0.0340651 0.0310739 0.0282286 0.0252402 0.022283 0.0194759 0.0168283 0.0143588 0.0121882 0.0101686 0.00839541 0.00686075 0.00552443 0.00445903 0.00355136 0.00276776 0.00214056 0.00162656 0.00125907 0.000946969 0.0007039 0.000527537 0.000400786 0.000275256 0.000200892 0.000141291 0.000105441 6.8814e-05 4.85027e-05 3.08553e-05 2.46398e-05 1.62046e-05 5.54951e-06 0 0 0 0 0 0 0 0 0 0 0 0 0 0 0 0 0 0 0 0 0 0 0 0 0 0 0 0 0 0 0 0 0 0 0 0 0 0 0 0 


################
# T2tt
################
PU_T2tt_mStop150To350mLSP0To250_mc     = 0.000461816 0 0 0 0.000463038 0 0.00130648 0.000462927 0.00273847 0.000486473 0.00293872 0.00143365 0.00385813 0.00881039 0.00993194 0.00889658 0.0149146 0.0216264 0.0274303 0.0338392 0.0353915 0.0399837 0.0399667 0.0449529 0.0430989 0.0457196 0.0521695 0.0517214 0.0486435 0.0507188 0.0485415 0.0538255 0.0433901 0.041444 0.0377021 0.0326835 0.030415 0.0245539 0.017729 0.0212439 0.0145784 0.0137422 0.00774415 0.00737085 0.00557267 0.00241182 0.00277223 0.000461816 0.000462594 0.000463038 0.000463038 0 0.000463038 0 0 0 0 0 0 0 0 0 0 0 0 0 0 0 0 0 0 0 0 0 0 0 0 0 0 0 0 0 0 0 0 0 0 0 0 0 0 0 0 0 0 0 0 0 0 0 
PU_T2tt_mStop375To475mLSP0To375_mc     = 0.000509646 0 0 0 0.000527791 0 0.00105672 0.000527791 0.0020646 0.000526193 0.00316035 0.00157949 0.00375102 0.00994563 0.0105357 0.00922966 0.0143022 0.0225844 0.0270173 0.0350394 0.0330117 0.0396279 0.0407828 0.0454675 0.0408774 0.0445552 0.0522645 0.0530013 0.0507094 0.0506534 0.04953 0.0550759 0.0445229 0.0404937 0.0381619 0.0326663 0.0302738 0.0240748 0.0158385 0.0203698 0.0145161 0.0145521 0.00739272 0.00701602 0.00409851 0.00263256 0.00283946 0.000526193 0.000526307 0.000527791 0.000527791 0 0.000527791 0 0 0 0 0 0 0 0 0 0 0 0 0 0 0 0 0 0 0 0 0 0 0 0 0 0 0 0 0 0 0 0 0 0 0 0 0 0 0 0 0 0 0 0 0 0 0 
PU_T2tt_mStop500To650mLSP0To225_mc     = 0.000291932 0 0 0 0.000551033 0 0.00109294 0.000551033 0.00172007 0.000549373 0.00329956 0.00164836 0.00349643 0.0100298 0.0109689 0.00874481 0.0148511 0.022993 0.0276163 0.0356494 0.0331875 0.0399138 0.0413732 0.0448955 0.0413821 0.0439077 0.0515879 0.0525116 0.0505593 0.0510234 0.0493107 0.0555622 0.0442539 0.0401314 0.0381486 0.0322851 0.030001 0.0246893 0.0154793 0.0193027 0.0148692 0.0148586 0.00751237 0.00715299 0.00379014 0.00274853 0.00275623 0.000549373 0.000549373 0.000551033 0.000551033 0 0.000551033 0 0 0 0 0 0 0 0 0 0 0 0 0 0 0 0 0 0 0 0 0 0 0 0 0 0 0 0 0 0 0 0 0 0 0 0 0 0 0 0 0 0 0 0 0 0 0 
PU_T2tt_mStop500To650mLSP250To550_mc     = 0.000260519 0 0 0 0.000552466 0 0.0010943 0.000552466 0.00171116 0.000550812 0.00330818 0.00165279 0.00347666 0.0100319 0.0109913 0.00870843 0.0148907 0.0230015 0.0276338 0.0356803 0.0331953 0.0399226 0.0413767 0.044833 0.0414682 0.0438102 0.0514986 0.052537 0.0506039 0.0510654 0.0492282 0.0555473 0.0442389 0.0401132 0.03817 0.0322909 0.0299586 0.0247386 0.0155041 0.019264 0.0149055 0.0148954 0.00750283 0.00717083 0.00378657 0.00275571 0.00276198 0.000550812 0.000550812 0.000552466 0.000552466 0 0.000552466 0 0 0 0 0 0 0 0 0 0 0 0 0 0 0 0 0 0 0 0 0 0 0 0 0 0 0 0 0 0 0 0 0 0 0 0 0 0 0 0 0 0 0 0 0 0 0 
PU_T2tt_mStop675To800mLSP0To275_mc     = 0.000103333 0 0 0 0.000561874 0 0.00108265 0.000561874 0.00168668 0.000560113 0.0033635 0.00168057 0.00340953 0.0100358 0.0110941 0.00850068 0.0151428 0.0229551 0.0277967 0.0358889 0.0332243 0.0400042 0.0414698 0.0443085 0.0420806 0.0430423 0.0509916 0.0527061 0.0509848 0.0511753 0.0488189 0.0555092 0.0442239 0.0397741 0.038325 0.0322729 0.029746 0.0250228 0.0156876 0.0190496 0.0151465 0.0151388 0.00745878 0.00728264 0.003718 0.00280174 0.00280585 0.000560113 0.000560113 0.000561874 0.000561874 0 0.000561874 0 0 0 0 0 0 0 0 0 0 0 0 0 0 0 0 0 0 0 0 0 0 0 0 0 0 0 0 0 0 0 0 0 0 0 0 0 0 0 0 0 0 0 0 0 0 0 
PU_T2tt_T2tt_mStop675To800mLSP300To700_mc     = 9.8106e-05 0 0 0 0.000561936 0 0.00108725 0.000561936 0.00168908 0.000560094 0.00336333 0.00168028 0.00340824 0.0100497 0.0110989 0.00850321 0.0151428 0.0229582 0.0277846 0.0359012 0.0332385 0.0399862 0.041467 0.0443107 0.0420841 0.0430295 0.0509673 0.0527221 0.0510021 0.0511916 0.0487921 0.0554953 0.0442218 0.0397767 0.038329 0.0322811 0.0297343 0.0250204 0.015691 0.0190577 0.0151467 0.0151394 0.00745043 0.00728512 0.00371739 0.0028015 0.002806 0.000560094 0.000560094 0.000561936 0.000561936 0 0.000561936 0 0 0 0 0 0 0 0 0 0 0 0 0 0 0 0 0 0 0 0 0 0 0 0 0 0 0 0 0 0 0 0 0 0 0 0 0 0 0 0 0 0 0 0 0 0 0 
PU_T2tt_mStop150To475mLSP1_mc     = 0 0 0 0 0.000944399 0 0.00025775 0.000944399 0.00117499 0.000271073 0.00200819 0.00184217 0.00366742 0.00957824 0.0116715 0.00951368 0.0173594 0.0171196 0.0300465 0.0368505 0.0282295 0.0412071 0.03881 0.0421603 0.0463642 0.0417713 0.0470775 0.0567895 0.0528566 0.0481889 0.0488013 0.0638317 0.0453322 0.0428628 0.0355059 0.0297488 0.0292636 0.0278344 0.0107835 0.0181168 0.0192334 0.0138693 0.00835509 0.00660618 0.00442376 0.000944399 0.00391749 8.81371e-05 0.000943374 0.000944399 0.000944399 0 0.000944399 0 0 0 0 0 0 0 0 0 0 0 0 0 0 0 0 0 0 0 0 0 0 0 0 0 0 0 0 0 0 0 0 0 0 0 0 0 0 0 0 0 0 0 0 0 0 0 
PU_T2tt_mStop500To800mLSP1_mc     = 0 0 0 0 0.00111139 0 0 0.00111139 0.00111139 0 0.00222277 0.0014107 0.00341492 0.0100441 0.0121996 0.00981404 0.0177899 0.0159094 0.0269265 0.0378115 0.0296216 0.0400195 0.0414277 0.0428172 0.0459674 0.04024 0.0463123 0.0543451 0.0535702 0.051011 0.0492945 0.06937 0.0436876 0.0404355 0.0334916 0.0316809 0.0281186 0.0299043 0.00999799 0.0183719 0.0209298 0.0113754 0.00653565 0.00707083 0.00444426 0.00111139 0.00352516 0 0.0011101 0.00111139 0.00111203 0 0.00111139 0 0 0 0 0 0 0 0 0 0 0 0 0 0 0 0 0 0 0 0 0 0 0 0 0 0 0 0 0 0 0 0 0 0 0 0 0 0 0 0 0 0 0 0 0 0 0 
PU_T2tt_mStop100To200mLSP1To100LepFilter_mc     = 0.000387261 0 0 0 0.000388688 0 0.00130199 0.000388688 0.0027531 0.000577591 0.0031161 0.00161861 0.00377771 0.00766833 0.0106449 0.00969686 0.0148354 0.0213448 0.0273068 0.0337402 0.0352029 0.0409997 0.0404943 0.0456436 0.0448437 0.0472447 0.0523009 0.0509275 0.0452672 0.0506519 0.0474486 0.0525651 0.0410917 0.0424115 0.0394886 0.033102 0.0306175 0.0248826 0.0196995 0.0211688 0.0146162 0.0124831 0.00769491 0.00718011 0.00563677 0.00251925 0.00232838 0.000387261 0.000388509 0.000388688 0.000388688 0 0.000388688 0 0 0 0 0 0 0 0 0 0 0 0 0 0 0 0 0 0 0 0 0 0 0 0 0 0 0 0 0 0 0 0 0 0 0 0 0 0 0 0 0 0 0 0 0 0 0 
PU_T2tt_mStop225To350mLSP25To250LepFilter_mc     = 0.000474838 0 0 0 0.000476261 0 0.00131899 0.000476261 0.00273322 0.000474838 0.00285538 0.00142594 0.0038924 0.00903352 0.00973002 0.00871455 0.0149638 0.0215824 0.0274433 0.0338147 0.0354837 0.039782 0.0397543 0.0446267 0.0427528 0.0454693 0.0522199 0.0518246 0.0494147 0.0508173 0.048808 0.0541016 0.0438435 0.0412251 0.0372648 0.0325661 0.0303334 0.0245382 0.0173534 0.0213947 0.0146365 0.0140086 0.00773992 0.0074527 0.00557108 0.00237758 0.00285023 0.000474838 0.000475385 0.000476261 0.00047637 0 0.000476261 0 0 0 0 0 0 0 0 0 0 0 0 0 0 0 0 0 0 0 0 0 0 0 0 0 0 0 0 0 0 0 0 0 0 0 0 0 0 0 0 0 0 0 0 0 0 0 

################
# T2bw x0p25
################
PU_T2bw_mStop100To475mLSP0To300x0p25LepFilter_mc     = 2.42348e-05 2.58582e-05 2.31912e-05 2.51625e-05 0.000479131 0.000473797 0.000702231 0.000941332 0.00125581 0.00160089 0.00247961 0.0032281 0.0050667 0.00663977 0.00856035 0.0112064 0.015211 0.020326 0.0259877 0.0317093 0.0366634 0.0406767 0.0433106 0.0451806 0.0463906 0.0471928 0.0480687 0.0488102 0.0492047 0.0490575 0.0484601 0.0470541 0.0450614 0.0423233 0.0390366 0.0352394 0.0312001 0.0270732 0.0228205 0.0188437 0.0150527 0.0116709 0.00869347 0.00614904 0.00423646 0.00272787 0.00172415 0.000992121 0.000560532 0.000290934 0.000149931 6.6095e-05 2.94529e-05 1.18275e-05 6.72546e-06 2.43508e-06 4.63825e-07 2.31912e-07 0 0 0 0 0 0 0 0 0 0 0 0 0 0 0 0 0 0 0 0 0 0 0 0 0 0 0 0 0 0 0 0 0 0 0 0 0 0 0 0 0 0 
PU_T2bw_mStop500To800mLSP0To700x0p25_mc     = 2.4361e-05 2.6149e-05 2.4361e-05 2.07851e-05 0.00045906 0.000468223 0.000695518 0.00095522 0.00120553 0.00161163 0.00244839 0.00326438 0.00507111 0.00657278 0.00847808 0.0111732 0.0151926 0.0202013 0.0260656 0.0316635 0.0364304 0.0406916 0.0434462 0.0452574 0.0464147 0.0473764 0.0483206 0.0487488 0.0490092 0.0489558 0.0485242 0.0470652 0.0451488 0.0423323 0.039052 0.0352814 0.031113 0.0271413 0.0227968 0.0187783 0.015104 0.0117431 0.0087132 0.00616177 0.00419568 0.00273782 0.00172449 0.00100484 0.000543541 0.000295908 0.000136109 7.5318e-05 3.50888e-05 1.20688e-05 6.70486e-06 3.12894e-06 6.70486e-07 0 2.23496e-07 0 0 0 0 0 0 0 0 0 0 0 0 0 0 0 0 0 0 0 0 0 0 0 0 0 0 0 0 0 0 0 0 0 0 0 0 0 0 0 0 0 
PU_T2bw_mStop100To475mLSP1x0p25_mc     = 2.7878e-05 2.02749e-05 2.49213e-05 2.36541e-05 0.000466746 0.000453652 0.000720183 0.000918286 0.00126211 0.0016165 0.00252127 0.00315402 0.00505648 0.00665778 0.00843184 0.0113147 0.0152391 0.0203058 0.0260398 0.0316454 0.0369046 0.0406335 0.0434141 0.0451814 0.0462644 0.0474007 0.0481069 0.0490337 0.0490066 0.0490983 0.048368 0.0469335 0.0450792 0.04234 0.0390309 0.035248 0.0310612 0.0270126 0.0228017 0.0188173 0.0150668 0.0116948 0.0087102 0.00619484 0.00418297 0.00269657 0.00171239 0.000990093 0.000556294 0.000281315 0.000150795 6.50488e-05 3.59035e-05 1.64734e-05 3.80155e-06 2.95676e-06 1.68958e-06 0 0 0 0 0 0 0 0 0 0 0 0 0 0 0 0 0 0 0 0 0 0 0 0 0 0 0 0 0 0 0 0 0 0 0 0 0 0 0 0 0 0 0 
PU_T2bw_mStop500To800mLSP1x0p25_mc     = 1.92298e-05 1.66659e-05 3.01268e-05 2.37168e-05 0.00043139 0.000451901 0.000712786 0.000915982 0.00124417 0.00164031 0.00247744 0.00323638 0.00505937 0.00659904 0.00858741 0.0112738 0.0150999 0.0203663 0.0261173 0.0316075 0.0365957 0.0401949 0.0433729 0.0450196 0.0462266 0.0475195 0.0483086 0.0487066 0.0492521 0.049015 0.0484605 0.047408 0.0451318 0.0426018 0.0389609 0.0354079 0.031062 0.0269109 0.0229566 0.0187792 0.0150634 0.0117251 0.00870343 0.00604522 0.00416006 0.00273064 0.00164543 0.000985209 0.000574972 0.000298704 0.000146788 7.30734e-05 2.69218e-05 1.41019e-05 4.48696e-06 6.40995e-07 0 0 0 0 0 0 0 0 0 0 0 0 0 0 0 0 0 0 0 0 0 0 0 0 0 0 0 0 0 0 0 0 0 0 0 0 0 0 0 0 0 0 0 0 
PU_T2bw_mStop100To475mLSP0To375x0p25_mc     = 1.77068e-05 1.98661e-05 2.41849e-05 2.46167e-05 0.000478947 0.000465559 0.00072425 0.000938459 0.00123084 0.00161779 0.00244483 0.00317383 0.0049959 0.00669618 0.00846945 0.0110499 0.0151738 0.0201974 0.0261464 0.0316524 0.0366569 0.0407921 0.0434196 0.0453121 0.0465071 0.0470685 0.0481581 0.0488577 0.0492019 0.0489933 0.0486129 0.0470784 0.0448439 0.0422756 0.0391328 0.0351574 0.0311721 0.0269156 0.0228871 0.0190037 0.0151415 0.0116308 0.0086733 0.00623494 0.00414857 0.00275578 0.00169942 0.00102742 0.000538545 0.000288923 0.000144677 6.69402e-05 3.67092e-05 1.42518e-05 6.90996e-06 1.29562e-06 8.63745e-07 0 0 0 0 0 0 0 0 0 0 0 0 0 0 0 0 0 0 0 0 0 0 0 0 0 0 0 0 0 0 0 0 0 0 0 0 0 0 0 0 0 0 0 
PU_T2bw_mStop500To650mLSP150To300x0p25LepFilter_mc     = 2.52203e-05 2.24789e-05 2.13824e-05 2.74133e-05 0.000469317 0.000457255 0.000698492 0.000938085 0.00123031 0.00161245 0.00253245 0.00319311 0.00504077 0.00664171 0.0083512 0.0113414 0.0153345 0.0204898 0.0262422 0.0314672 0.0367635 0.040842 0.043352 0.0452699 0.0462403 0.0472869 0.0482151 0.0486905 0.049179 0.0487119 0.0484312 0.0471301 0.0448767 0.0423383 0.0390361 0.0353237 0.0313916 0.0269506 0.0229526 0.0186493 0.0149924 0.0117028 0.00869058 0.00614059 0.00422001 0.00274572 0.0017095 0.000968239 0.00055046 0.000258234 0.000143098 6.74368e-05 2.74133e-05 9.86881e-06 3.2896e-06 1.09653e-06 5.48267e-07 0 5.48267e-07 0 0 0 0 0 0 0 0 0 0 0 0 0 0 0 0 0 0 0 0 0 0 0 0 0 0 0 0 0 0 0 0 0 0 0 0 0 0 0 0 0 

################
# T2bw x0p50
################
PU_T2bw_mStop100To475mLSP0To300x0p50LepFilter_mc     = 2.18753e-05 2.58105e-05 2.18753e-05 2.44216e-05 0.000463432 0.000464011 0.000711121 0.0009308 0.00122479 0.00158972 0.00248198 0.00322724 0.00503016 0.00665784 0.00845694 0.0112059 0.015235 0.0203625 0.0260404 0.0318332 0.0365633 0.0407889 0.0433999 0.0451429 0.0463719 0.047227 0.0482106 0.0488848 0.0490923 0.049172 0.0483255 0.0469889 0.0450594 0.042236 0.0389497 0.0351754 0.0311292 0.0270402 0.0229445 0.0188475 0.015053 0.0117043 0.00869942 0.00618874 0.00422888 0.00274657 0.00170477 0.000997236 0.000559846 0.000293291 0.00014653 6.92139e-05 3.02087e-05 1.29631e-05 3.93524e-06 1.38891e-06 3.47227e-07 1.15742e-07 0 1.15742e-07 0 0 0 0 0 0 0 0 0 0 0 0 0 0 0 0 0 0 0 0 0 0 0 0 0 0 0 0 0 0 0 0 0 0 0 0 0 0 0 0 
PU_T2bw_mStop500To800mLSP0To700x0p50_mc     = 2.32528e-05 2.81717e-05 2.37e-05 2.6383e-05 0.000461703 0.000460808 0.000696467 0.000910885 0.00120333 0.00162658 0.00245876 0.00328312 0.00494123 0.00666775 0.00850182 0.0112508 0.0152118 0.0203623 0.0260941 0.0316755 0.0366668 0.0405268 0.043458 0.0452952 0.0464981 0.0472529 0.0481962 0.0486536 0.0491813 0.0491426 0.04839 0.0471851 0.0448681 0.042279 0.0388485 0.03536 0.0311143 0.0270142 0.0228964 0.0188178 0.0150761 0.0116758 0.0086657 0.00621454 0.00418372 0.00276932 0.00173122 0.00102491 0.000552702 0.000282164 0.000149355 6.79698e-05 3.2867e-05 1.07321e-05 6.03679e-06 2.01226e-06 8.9434e-07 4.4717e-07 0 0 0 0 0 0 0 0 0 0 0 0 0 0 0 0 0 0 0 0 0 0 0 0 0 0 0 0 0 0 0 0 0 0 0 0 0 0 0 0 0 0 
PU_T2bw_mStop100To475mLSP1x0p50_mc     = 2.60797e-05 3.02861e-05 1.76669e-05 2.60797e-05 0.000458077 0.000483315 0.000699945 0.000943495 0.001235 0.00156057 0.00252216 0.00326248 0.00501908 0.00660952 0.00850492 0.0112811 0.0152343 0.0202715 0.0259922 0.0315854 0.0366718 0.0405451 0.043201 0.0453223 0.0463751 0.0473388 0.0482916 0.0486272 0.0492414 0.0490773 0.0483151 0.0473422 0.0449593 0.0420539 0.0389891 0.0351377 0.0311025 0.0271161 0.0230271 0.0189288 0.0151527 0.0117203 0.00876277 0.00622421 0.00420724 0.00276066 0.00167499 0.000995655 0.000548935 0.000272575 0.000135025 6.73024e-05 2.94448e-05 1.43018e-05 4.2064e-06 2.52384e-06 4.2064e-07 0 0 0 0 0 0 0 0 0 0 0 0 0 0 0 0 0 0 0 0 0 0 0 0 0 0 0 0 0 0 0 0 0 0 0 0 0 0 0 0 0 0 0 
PU_T2bw_mStop500To800mLSP1x0p50_mc     = 2.08318e-05 2.86437e-05 2.53887e-05 2.01808e-05 0.000448534 0.000463507 0.000687448 0.000930919 0.00123298 0.00160925 0.0024601 0.0032823 0.00506342 0.00672345 0.00845769 0.0112993 0.0152781 0.0203181 0.0263007 0.0318531 0.0366821 0.0404559 0.0433301 0.0454217 0.0461059 0.0473278 0.0480244 0.0487854 0.0491962 0.0491747 0.048443 0.0469086 0.0450741 0.0422826 0.0392776 0.0352324 0.0308857 0.026968 0.0229201 0.0187662 0.0150386 0.0116547 0.00867903 0.00621307 0.00427246 0.00274589 0.00159949 0.000982348 0.000540975 0.000266256 0.0001315 7.42131e-05 1.95298e-05 8.4629e-06 5.20794e-06 6.50992e-07 1.30198e-06 0 0 0 0 0 0 0 0 0 0 0 0 0 0 0 0 0 0 0 0 0 0 0 0 0 0 0 0 0 0 0 0 0 0 0 0 0 0 0 0 0 0 0 
PU_T2bw_mStop100To475mLSP0To375x0p50_mc     = 2.41716e-05 2.67614e-05 1.94236e-05 2.07185e-05 0.000475231 0.000466598 0.000691912 0.000945282 0.00123836 0.00158669 0.0024327 0.00318935 0.00512179 0.0066351 0.00852264 0.0111034 0.0150934 0.0203279 0.0260492 0.0316479 0.0368647 0.0406238 0.0433267 0.0454862 0.0463516 0.047189 0.0481921 0.0489354 0.0491063 0.0491046 0.0483177 0.0473979 0.0448922 0.0420793 0.0389434 0.0352262 0.0311516 0.0271995 0.0228214 0.0188746 0.0150792 0.0115437 0.00867889 0.00625353 0.00420845 0.00272189 0.00170453 0.000978086 0.000544724 0.000320705 0.000140282 6.73351e-05 3.23727e-05 1.72654e-05 4.74799e-06 1.29491e-06 4.31635e-07 0 0 0 0 0 0 0 0 0 0 0 0 0 0 0 0 0 0 0 0 0 0 0 0 0 0 0 0 0 0 0 0 0 0 0 0 0 0 0 0 0 0 0 
PU_T2bw_mStop500To650mLSP150To300x0p50LepFilter_mc     = 2.24606e-05 1.91737e-05 1.91737e-05 2.19128e-05 0.000486464 0.000480438 0.000716001 0.000931842 0.00122438 0.00160018 0.00240603 0.00326665 0.00503447 0.00669436 0.00851093 0.0111837 0.0152688 0.0203438 0.0261053 0.0318426 0.0365988 0.0406734 0.0434964 0.0452488 0.0462081 0.0473673 0.0481474 0.0489762 0.0489132 0.0490699 0.0481764 0.0468846 0.0449278 0.0422112 0.0390985 0.0351103 0.031423 0.0271565 0.0229553 0.0187091 0.0150793 0.0116806 0.00871582 0.00619913 0.0042226 0.00274293 0.00172892 0.000983885 0.000546177 0.000307875 0.000147911 6.62862e-05 2.57475e-05 1.36955e-05 6.57384e-06 1.64346e-06 0 0 0 0 0 0 0 0 0 0 0 0 0 0 0 0 0 0 0 0 0 0 0 0 0 0 0 0 0 0 0 0 0 0 0 0 0 0 0 0 0 0 0 0 

################
# T2bw x0p75
################
PU_T2bw_mStop100To475mLSP0To300x0p75LepFilter_mc     = 2.0944e-05 2.30269e-05 1.95555e-05 2.18697e-05 0.000450817 0.000473034 0.000705848 0.00093658 0.00124299 0.00159961 0.00247174 0.00325107 0.00502506 0.00663139 0.00854759 0.0112673 0.0151269 0.0203241 0.0261069 0.0316442 0.0366413 0.0406176 0.0433913 0.0451862 0.0464721 0.0473851 0.0479538 0.0489034 0.0492343 0.0490604 0.0484315 0.0470605 0.0449519 0.0422252 0.0390378 0.0351751 0.0312693 0.0270224 0.0228249 0.0188973 0.0150633 0.0116527 0.00864109 0.00618404 0.00425036 0.00275616 0.00171556 0.000989807 0.000554496 0.000294952 0.000145682 7.20891e-05 2.84654e-05 1.2497e-05 4.39709e-06 1.27284e-06 6.94277e-07 3.47138e-07 1.15713e-07 0 0 0 0 0 0 0 0 0 0 0 0 0 0 0 0 0 0 0 0 0 0 0 0 0 0 0 0 0 0 0 0 0 0 0 0 0 0 0 0 0 
PU_T2bw_mStop500To800mLSP0To700x0p75_mc     = 2.21358e-05 2.81728e-05 2.39245e-05 2.54897e-05 0.00047603 0.000464851 0.000712369 0.00094021 0.0012519 0.00156225 0.00247742 0.00324345 0.00503018 0.00663424 0.00850549 0.0113196 0.015169 0.0202942 0.0261763 0.0317565 0.0367574 0.0406209 0.0433004 0.0452906 0.0464679 0.0472706 0.0479894 0.0486365 0.0493256 0.0488985 0.0483677 0.0469683 0.0450335 0.0422218 0.0390443 0.0351847 0.0312141 0.0270539 0.0229179 0.0188775 0.015076 0.0116199 0.00871366 0.00626308 0.00426191 0.00270481 0.00167293 0.000995438 0.000566586 0.000304311 0.000144665 6.77488e-05 2.97379e-05 1.56515e-05 4.91906e-06 1.78875e-06 1.11797e-06 2.23593e-07 0 0 0 0 0 0 0 0 0 0 0 0 0 0 0 0 0 0 0 0 0 0 0 0 0 0 0 0 0 0 0 0 0 0 0 0 0 0 0 0 0 0 
PU_T2bw_mStop100To475mLSP1x0p75_mc     = 1.85132e-05 2.31415e-05 2.06169e-05 2.3983e-05 0.000484708 0.000473769 0.000699293 0.000931549 0.00120883 0.0016401 0.00240587 0.00323938 0.00497457 0.00662603 0.00848955 0.0111092 0.0152313 0.0203641 0.0261036 0.031692 0.0365559 0.040925 0.0436881 0.045287 0.046362 0.0473276 0.0483093 0.0488306 0.049346 0.048924 0.0484422 0.0469591 0.0449049 0.0420943 0.0390258 0.0350021 0.0312431 0.0269101 0.0228579 0.0187942 0.0150066 0.0116582 0.00866542 0.00624903 0.00426476 0.00277151 0.0016645 0.00103085 0.000572646 0.000289058 0.000146422 6.90036e-05 3.91301e-05 1.30434e-05 7.57357e-06 1.68302e-06 1.26226e-06 0 0 0 0 0 0 0 0 0 0 0 0 0 0 0 0 0 0 0 0 0 0 0 0 0 0 0 0 0 0 0 0 0 0 0 0 0 0 0 0 0 0 0 
PU_T2bw_mStop500To800mLSP1x0p75_mc     = 3.01253e-05 2.82024e-05 2.94844e-05 2.37157e-05 0.000458931 0.000462776 0.000692883 0.00097042 0.00121078 0.00164536 0.00241387 0.00326251 0.0049476 0.00669551 0.00853572 0.0111791 0.0150793 0.020384 0.0262552 0.0317162 0.0368817 0.0405173 0.0433202 0.0451733 0.0461546 0.0476224 0.0480249 0.0490344 0.0490934 0.0492254 0.0482999 0.0471006 0.0451643 0.0421248 0.0387501 0.0353075 0.0312977 0.0270634 0.0229946 0.0187117 0.015053 0.0115367 0.00866199 0.00613339 0.00412397 0.00284716 0.00165882 0.00100824 0.000537128 0.00027946 0.000155113 7.05061e-05 3.46121e-05 1.21783e-05 1.92289e-06 1.28193e-06 6.40964e-07 0 0 0 0 0 0 0 0 0 0 0 0 0 0 0 0 0 0 0 0 0 0 0 0 0 0 0 0 0 0 0 0 0 0 0 0 0 0 0 0 0 0 0 
PU_T2bw_mStop100To475mLSP0To375x0p75_mc     = 2.54421e-05 2.28547e-05 1.63864e-05 2.15611e-05 0.000470462 0.000457095 0.000731783 0.00092497 0.00121648 0.00158819 0.00243554 0.00324882 0.00505693 0.00672403 0.00850282 0.0113312 0.015157 0.0203174 0.0260923 0.031806 0.0366931 0.0405706 0.0434499 0.0451174 0.0461929 0.0474115 0.0483369 0.0489009 0.0492718 0.0491735 0.0482959 0.0470717 0.045176 0.0422291 0.0390018 0.0350669 0.0310919 0.0270298 0.0226848 0.0187542 0.0150509 0.0115886 0.00863736 0.00619579 0.00426348 0.00275335 0.00170505 0.00103148 0.000570937 0.000277275 0.000136266 6.51144e-05 3.06167e-05 1.42303e-05 7.76198e-06 2.58733e-06 4.31221e-07 8.62443e-07 0 0 0 0 0 0 0 0 0 0 0 0 0 0 0 0 0 0 0 0 0 0 0 0 0 0 0 0 0 0 0 0 0 0 0 0 0 0 0 0 0 0 
PU_T2bw_mStop500To650mLSP150To300x0p75LepFilter_mc     = 2.1934e-05 2.30307e-05 2.35791e-05 2.41274e-05 0.000465549 0.000477065 0.000703533 0.000961806 0.0012283 0.00156664 0.00243029 0.00327584 0.00496367 0.00667068 0.00843198 0.0111852 0.0150226 0.0204589 0.0259682 0.0314978 0.0371173 0.0404874 0.043216 0.0454188 0.0463477 0.0473605 0.0481967 0.0489222 0.0492106 0.0489238 0.0483475 0.047049 0.0451281 0.04241 0.0390025 0.0352041 0.0311425 0.0269887 0.0228914 0.0188205 0.0151114 0.0116941 0.00862226 0.00617662 0.00423765 0.00274394 0.00171305 0.000991966 0.000540125 0.000303238 0.00015299 7.18339e-05 3.23527e-05 1.20637e-05 4.3868e-06 3.83845e-06 1.64505e-06 5.4835e-07 0 0 0 0 0 0 0 0 0 0 0 0 0 0 0 0 0 0 0 0 0 0 0 0 0 0 0 0 0 0 0 0 0 0 0 0 0 0 0 0 0 0 

